N_THREADS	N_TRANSACTIONS	TIME	N_ABORTS	PROCESS_READ_TIME	PROCESS_WRITE_TIME	PROCESS_VALIDATION_TIME	PROCESS_OTHER_TIME	COMMIT_VALIDATION_TIME	COMMIT_OTHER_TIME	WASTED_TIME
1	1000	1.39047	0	0.000252843	0.000250371	0	0.000836934	2.51429e-07	4.108e-05	2.38e-06	1.81
1	1000	1.39036	0	0.000252471	0.000250169	0	0.000837474	2.51429e-07	4.10343e-05	2.37714e-06	1.81
1	1000	1.39042	0	0.000252854	0.000250203	0	0.000837086	2.48571e-07	4.10714e-05	2.37714e-06	1.81
1	1000	1.39042	0	0.000252677	0.000250349	0	0.00083712	2.51429e-07	4.10429e-05	2.38e-06	1.81
1	1000	1.39031	0	0.00025272	0.000250146	0	0.000837189	2.51429e-07	4.10514e-05	2.38e-06	1.81
1	1000	1.39045	0	0.000252634	0.00025024	0	0.0008373	2.51429e-07	4.10629e-05	2.38e-06	1.81
1	1000	1.39027	0	0.000252534	0.00025018	0	0.000837303	2.51429e-07	4.10457e-05	2.37714e-06	1.82
1	1000	1.39037	0	0.00025266	0.000250197	0	0.000837251	2.48571e-07	4.10543e-05	2.38e-06	1.82
1	1000	1.39039	0	0.00025258	0.000250209	0	0.000837323	2.48571e-07	4.10657e-05	2.38e-06	1.81
1	1000	1.39032	0	0.000252809	0.000250134	0	0.000837117	2.51429e-07	4.106e-05	2.37714e-06	1.81
2	2000	1.42511	1.18577	0.000258586	0.000260751	0	0.000841937	2.51429e-07	4.24143e-05	1.23571e-05	1.93
2	2000	1.42788	1.42928	0.000258337	0.000260074	0	0.000842023	2.51429e-07	4.24743e-05	1.53857e-05	1.86
2	2000	1.42388	1.38067	0.000257969	0.000259669	0	0.00084172	2.51429e-07	4.24686e-05	1.45343e-05	1.85
2	2000	1.43072	1.7199	0.000257623	0.000259337	0	0.000841769	2.51429e-07	4.24571e-05	1.76943e-05	1.86
2	2000	1.4277	1.62322	0.000257994	0.000259869	0	0.000841923	2.48571e-07	4.242e-05	1.61657e-05	1.86
2	2000	1.4256	1.47783	0.000258234	0.000260354	0	0.000841817	2.48571e-07	4.24229e-05	1.52086e-05	1.86
2	2000	1.42584	1.38067	0.00025832	0.000259669	0	0.000841937	2.48571e-07	4.25171e-05	1.52143e-05	1.85
2	2000	1.42506	1.47783	0.000258223	0.000260291	0	0.000841689	2.51429e-07	4.24229e-05	1.49171e-05	1.86
2	2000	1.43121	1.67158	0.000258446	0.000260534	0	0.000842054	2.51429e-07	4.25543e-05	1.86257e-05	1.87
2	2000	1.42776	1.5748	0.000257934	0.000259997	0	0.000842057	2.48571e-07	4.25257e-05	1.596e-05	1.86
3	3000	1.50652	3.72272	0.000271911	0.000273103	0	0.00086114	2.48571e-07	4.47429e-05	4.15914e-05	1.94
3	3000	1.4927	2.94403	0.000271271	0.000273189	0	0.000859786	2.48571e-07	4.45571e-05	3.04857e-05	1.91
3	3000	1.49204	2.88119	0.000271403	0.000273991	0	0.000859477	2.48571e-07	4.43886e-05	3.03286e-05	1.93
3	3000	1.49837	3.22581	0.000271826	0.000273463	0	0.000860637	2.48571e-07	4.46486e-05	3.47743e-05	1.94
3	3000	1.49048	2.78678	0.000271446	0.000273969	0	0.000859523	2.48571e-07	4.45514e-05	2.932e-05	1.93
3	3000	1.4926	2.75527	0.000271523	0.000273991	0	0.00085978	2.48571e-07	4.44943e-05	2.93314e-05	1.93
3	3000	1.50524	3.50595	0.000271549	0.0002744	0	0.000859589	2.48571e-07	4.43771e-05	3.62943e-05	1.94
3	3000	1.5012	2.91262	0.000271574	0.000273889	0	0.000860069	2.48571e-07	4.45457e-05	3.34943e-05	1.94
3	3000	1.50002	3.53698	0.000271523	0.000273037	0	0.000860369	2.48571e-07	4.46657e-05	3.87743e-05	1.93
3	3000	1.48676	2.62902	0.000271654	0.000273131	0	0.000860417	2.48571e-07	4.46114e-05	2.76657e-05	1.93
4	4000	1.58134	4.53461	0.00029096	0.000293403	0	0.000884111	2.51429e-07	4.79543e-05	5.026e-05	2.17
4	4000	1.58651	4.69383	0.000291103	0.000292986	0	0.000884606	2.51429e-07	4.802e-05	5.38629e-05	2.10
4	4000	1.57194	4.09974	0.000290923	0.000293449	0	0.00088402	2.48571e-07	4.77686e-05	4.58e-05	2.09
4	4000	1.56891	3.4283	0.000290017	0.000292569	0	0.000882783	2.51429e-07	4.78457e-05	3.78086e-05	2.08
4	4000	1.57603	4.26041	0.000290497	0.000292634	0	0.000883343	2.48571e-07	4.79114e-05	4.79486e-05	2.10
4	4000	1.57399	4.39771	0.000290414	0.000293671	0	0.000883014	2.51429e-07	4.76229e-05	4.81086e-05	2.08
4	4000	1.57872	4.00768	0.000290663	0.000292657	0	0.000884023	2.51429e-07	4.794e-05	4.43857e-05	2.10
4	4000	1.57549	4.32911	0.000290666	0.000293017	0	0.000883709	2.51429e-07	4.78286e-05	4.80571e-05	2.09
4	4000	1.5845	4.48902	0.000291337	0.000293863	0	0.000884623	2.48571e-07	4.78714e-05	5.03286e-05	2.10
4	4000	1.5775	4.37485	0.000290857	0.000293417	0	0.00088372	2.48571e-07	4.78714e-05	4.76714e-05	2.09
5	5000	1.69669	5.64257	0.000319143	0.000323997	0	0.000916194	2.42857e-07	5.288e-05	6.578e-05	2.39
5	5000	1.69779	5.87349	0.000320571	0.000325091	0	0.000918197	2.42857e-07	5.31029e-05	6.75371e-05	2.31
5	5000	1.69871	5.82031	0.000319669	0.00032422	0	0.000917069	2.42857e-07	5.286e-05	6.92514e-05	2.32
5	5000	1.69167	5.3568	0.000319637	0.000323677	0	0.000917329	2.42857e-07	5.31571e-05	6.32943e-05	2.31
5	5000	1.69929	5.73152	0.000319843	0.000323029	0	0.000917674	2.42857e-07	5.32686e-05	6.98371e-05	2.31
5	5000	1.68861	5.05127	0.000319414	0.000324391	0	0.000916594	2.42857e-07	5.28343e-05	5.97857e-05	2.31
5	5000	1.69074	5.17732	0.00031988	0.0003249	0	0.000917197	2.42857e-07	5.27486e-05	6.02171e-05	2.31
5	5000	1.68953	4.88872	0.0003195	0.000323966	0	0.000916751	2.42857e-07	5.28943e-05	5.77314e-05	2.31
5	5000	1.70575	6.0327	0.000319151	0.00032316	0	0.000916671	2.42857e-07	5.30629e-05	7.06057e-05	2.32
5	5000	1.69246	5.58912	0.000318737	0.000322377	0	0.000916331	2.42857e-07	5.28914e-05	6.38114e-05	2.31
6	6000	1.86005	6.8323	0.000360174	0.000366594	0	0.000962263	2.4e-07	6.01514e-05	8.90886e-05	2.64
6	6000	1.85777	6.91902	0.000360283	0.000365957	0	0.00096258	2.4e-07	6.04886e-05	8.76343e-05	2.57
6	6000	1.85457	6.73092	0.000360414	0.000363777	0	0.000963323	2.4e-07	6.07571e-05	8.69571e-05	2.57
6	6000	1.85553	6.71642	0.000360349	0.000365126	0	0.000962911	2.4e-07	6.04914e-05	8.82e-05	2.57
6	6000	1.85694	6.57116	0.000360209	0.000366523	0	0.000962283	2.4e-07	6.01371e-05	8.37886e-05	2.57
6	6000	1.85646	6.45463	0.000360334	0.000366677	0	0.000962389	2.4e-07	6.01029e-05	8.21114e-05	2.57
6	6000	1.85579	6.48379	0.000359666	0.000365666	0	0.000961743	2.4e-07	6.00086e-05	8.46743e-05	2.57
6	6000	1.85702	6.64385	0.000360849	0.000364829	0	0.000963623	2.4e-07	6.06543e-05	8.52286e-05	2.57
6	6000	1.8536	6.58571	0.000360206	0.000366509	0	0.000962209	2.4e-07	6.02543e-05	8.57057e-05	2.56
6	6000	1.85619	6.75991	0.000359874	0.000366429	0	0.000961863	2.4e-07	6.02029e-05	8.87543e-05	2.57
7	7000	2.05883	7.84623	0.000413566	0.000421429	0	0.00102124	2.4e-07	7.01057e-05	0.00011192	2.95
7	7000	2.07223	8.1003	0.000413051	0.000421763	0	0.00102039	2.4e-07	7.01057e-05	0.000116117	2.87
7	7000	2.06616	7.8341	0.000413243	0.0004242	0	0.00102004	2.4e-07	6.90829e-05	0.00011034	2.89
7	7000	2.06712	8.14854	0.000414086	0.000421866	0	0.00102123	2.4e-07	7.00771e-05	0.000117354	2.88
7	7000	2.06298	7.97949	0.000412717	0.000421443	0	0.00101976	2.4e-07	6.97114e-05	0.000114083	2.88
7	7000	2.05349	7.51751	0.0004131	0.00042116	0	0.00102034	2.4e-07	6.98543e-05	0.00010768	2.87
7	7000	2.05182	7.77339	0.000413091	0.000422894	0	0.00102009	2.4e-07	6.95371e-05	0.000110466	2.85
7	7000	2.06621	7.82196	0.000413594	0.000419994	0	0.00102146	2.4e-07	7.014e-05	0.000111803	2.88
7	7000	2.05725	7.72476	0.000413269	0.000421574	0	0.00102041	2.4e-07	6.95114e-05	0.000109557	2.87
7	7000	2.0652	8.07617	0.000413446	0.0004212	0	0.00102069	2.4e-07	6.98829e-05	0.000114034	2.87
8	8000	2.30814	9.05991	0.000476554	0.000488203	0	0.00108955	2.51429e-07	8.14629e-05	0.000144983	3.22
8	8000	2.3167	9.48178	0.000477614	0.000487469	0	0.001091	2.51429e-07	8.17771e-05	0.000151649	3.23
8	8000	2.31604	9.22501	0.000478057	0.000487123	0	0.00109135	2.51429e-07	8.16914e-05	0.000151426	3.22
8	8000	2.30461	8.79033	0.000476106	0.000487743	0	0.00108892	2.51429e-07	8.12086e-05	0.0001387	3.20
8	8000	2.30609	8.8942	0.000476146	0.000490209	0	0.00108855	2.48571e-07	8.07143e-05	0.000145494	3.22
8	8000	2.30154	8.91495	0.000475246	0.000490877	0	0.00108717	2.51429e-07	8.04743e-05	0.00014328	3.22
8	8000	2.30331	8.57143	0.000476766	0.000487717	0	0.00108967	2.51429e-07	8.16571e-05	0.0001343	3.21
8	8000	2.31223	9.05991	0.00047696	0.00048728	0	0.00108969	2.51429e-07	8.138e-05	0.000146331	3.22
8	8000	2.30085	8.69664	0.000477423	0.000487949	0	0.00109063	2.51429e-07	8.13e-05	0.000138071	3.21
8	8000	2.30878	8.85268	0.000477269	0.000487634	0	0.00109046	2.51429e-07	8.14543e-05	0.000143106	3.22
9	9000	2.60831	10.5546	0.000547854	0.000561494	0	0.00116595	2.31429e-07	9.392e-05	0.000190329	3.69
9	9000	2.57447	9.90089	0.000548266	0.000563037	0	0.00116661	2.31429e-07	9.41086e-05	0.000177974	3.58
9	9000	2.58415	9.991	0.000547426	0.000562749	0	0.0011655	2.31429e-07	9.35486e-05	0.000177486	3.60
9	9000	2.57696	9.81964	0.000547711	0.000563646	0	0.00116597	2.31429e-07	9.38771e-05	0.000175969	3.59
9	9000	2.58055	10	0.000548031	0.000563006	0	0.00116623	2.31429e-07	9.39686e-05	0.000180586	3.60
9	9000	2.59246	10.2334	0.000547603	0.000564683	0	0.00116531	2.31429e-07	9.35429e-05	0.000182689	3.60
9	9000	2.58935	10.1079	0.00054796	0.000564734	0	0.0011658	2.31429e-07	9.39686e-05	0.00018412	3.60
9	9000	2.58675	9.92794	0.000547211	0.000562889	0	0.00116545	2.31429e-07	9.37e-05	0.000178771	3.60
9	9000	2.59005	10.519	0.000548006	0.000565	0	0.00116621	2.31429e-07	9.38314e-05	0.000189626	3.59
9	9000	2.59248	10.3853	0.000548926	0.000562954	0	0.00116744	2.31429e-07	9.43343e-05	0.000187057	3.61
10	10000	2.89967	11.871	0.000624163	0.00064318	0	0.00124671	2.28571e-07	0.000107409	0.000239297	4.07
10	10000	2.88312	11.0558	0.000624311	0.000644311	0	0.00124697	2.28571e-07	0.000106931	0.000222789	3.99
10	10000	2.87994	11.032	0.000623994	0.000642597	0	0.00124668	2.28571e-07	0.00010712	0.000223074	3.99
10	10000	2.88045	11.0874	0.00062298	0.000642666	0	0.0012453	2.28571e-07	0.000107014	0.000221774	3.99
10	10000	2.88447	10.8973	0.000623931	0.000642134	0	0.00124659	2.28571e-07	0.000107246	0.000221849	4.00
10	10000	2.89168	11.2531	0.00062408	0.000644031	0	0.00124635	2.28571e-07	0.000107009	0.000226829	4.00
10	10000	2.89463	11.2216	0.000623989	0.000643071	0	0.0012464	2.28571e-07	0.000107077	0.000224289	4.01
10	10000	2.88218	10.8417	0.000624386	0.000643323	0	0.00124695	2.28571e-07	0.00010726	0.00021876	3.99
10	10000	2.87922	11.1664	0.000623849	0.000643706	0	0.00124621	2.28571e-07	0.000106851	0.000224057	3.99
10	10000	2.88498	11.0716	0.00062338	0.000641331	0	0.00124605	2.28571e-07	0.000107366	0.000225126	3.99
11	11000	3.19251	12.0844	0.000702614	0.000725746	0	0.00132838	2.51429e-07	0.000120794	0.00027134	4.41
11	11000	3.18802	12	0.000702706	0.000725083	0	0.00132877	2.51429e-07	0.000120851	0.000269394	4.40
11	11000	3.19019	11.9507	0.000702577	0.000724134	0	0.00132875	2.51429e-07	0.000120871	0.000271443	4.40
11	11000	3.19166	12.0633	0.000702717	0.000725334	0	0.00132853	2.51429e-07	0.000120926	0.000273126	4.38
11	11000	3.1978	12.4134	0.0007026	0.000725029	0	0.0013284	2.51429e-07	0.000120789	0.000278866	4.40
11	11000	3.19807	12.4134	0.000703946	0.00072584	0	0.00133003	2.51429e-07	0.00012128	0.000280189	4.41
11	11000	3.19243	12.3227	0.000702834	0.000725797	0	0.0013284	2.51429e-07	0.00012086	0.000276677	4.40
11	11000	3.1907	12.2667	0.000703549	0.00072562	0	0.00132956	2.51429e-07	0.000121117	0.000275343	4.40
11	11000	3.18732	12.0703	0.000702989	0.000726403	0	0.00132883	2.51429e-07	0.000120754	0.000271517	4.40
11	11000	3.18313	11.859	0.000701443	0.000724854	0	0.00132704	2.51429e-07	0.000120734	0.000265923	4.39
12	12000	3.51938	13.638	0.000781663	0.00080616	0	0.00141104	2.4e-07	0.0001347	0.000339631	4.83
12	12000	3.51994	13.4823	0.000782266	0.000808114	0	0.00141128	2.4e-07	0.000134674	0.000332649	4.83
12	12000	3.52303	13.2885	0.000781377	0.000806254	0	0.00141067	2.4e-07	0.000134723	0.000329663	4.84
12	12000	3.50166	13.1127	0.000781697	0.000808009	0	0.00141081	2.4e-07	0.000134357	0.000323897	4.81
12	12000	3.51537	13.0939	0.000782177	0.000808429	0	0.00141126	2.4e-07	0.000134571	0.000326889	4.82
12	12000	3.51333	13.4823	0.000781917	0.000806986	0	0.00141153	2.4e-07	0.000134777	0.000334917	4.81
12	12000	3.50964	13.1064	0.000782754	0.000809606	0	0.00141178	2.4e-07	0.000134431	0.00032866	4.82
12	12000	3.49661	12.8034	0.000781891	0.000808489	0	0.00141051	2.4e-07	0.000134446	0.000318703	4.80
12	12000	3.50355	13.0939	0.000782009	0.000807751	0	0.00141101	2.4e-07	0.000134611	0.000327846	4.81
12	12000	3.51194	13.2196	0.000783291	0.000809486	0	0.00141231	2.4e-07	0.000134857	0.000332091	4.83
