N_THREADS	N_TRANSACTIONS	TIME	N_ABORTS	PROCESS_READ_TIME	PROCESS_WRITE_TIME	PROCESS_VALIDATION_TIME	PROCESS_OTHER_TIME	COMMIT_VALIDATION_TIME	COMMIT_OTHER_TIME	WASTED_TIME
1	1000	0.963979	0	0.000164329	9.28714e-05	0	0.000672071	2.51429e-07	3.152e-05	1.13143e-06	1.39
1	1000	0.963964	0	0.000164303	9.29e-05	0	0.000672054	2.51429e-07	3.15229e-05	1.13143e-06	1.39
1	1000	0.963985	0	0.000164309	9.29057e-05	0	0.000672054	2.51429e-07	3.15314e-05	1.13143e-06	1.39
1	1000	0.963949	0	0.000164286	9.28886e-05	0	0.000672063	2.51429e-07	3.15257e-05	1.13429e-06	1.39
1	1000	0.963956	0	0.000164309	9.286e-05	0	0.000672083	2.51429e-07	3.15229e-05	1.13143e-06	1.39
1	1000	0.963988	0	0.000164306	9.28886e-05	0	0.000672071	2.48571e-07	3.154e-05	1.13143e-06	1.39
1	1000	0.963928	0	0.000164303	9.28514e-05	0	0.000672066	2.51429e-07	3.15257e-05	1.13143e-06	1.39
1	1000	0.963959	0	0.000164311	9.28771e-05	0	0.000672077	2.51429e-07	3.15086e-05	1.13143e-06	1.39
1	1000	0.963984	0	0.000164294	9.29114e-05	0	0.000672066	2.48571e-07	3.15286e-05	1.13429e-06	1.39
1	1000	0.963967	0	0.000164309	9.28857e-05	0	0.000672074	2.51429e-07	3.15143e-05	1.13429e-06	1.39
2	2000	0.978136	1.7199	0.000165589	9.32686e-05	0	0.000672369	2.51429e-07	3.17857e-05	1.15286e-05	1.41
2	2000	0.977644	1.67158	0.000165609	9.33086e-05	0	0.000672423	2.51429e-07	3.18914e-05	1.12486e-05	1.41
2	2000	0.976262	1.52634	0.000165611	9.32657e-05	0	0.000672374	2.51429e-07	3.192e-05	9.99143e-06	1.41
2	2000	0.979013	1.8164	0.000165469	9.32857e-05	0	0.00067248	2.51429e-07	3.17114e-05	1.20086e-05	1.41
2	2000	0.977297	1.62322	0.000165597	9.326e-05	0	0.000672391	2.51429e-07	3.18429e-05	1.09943e-05	1.41
2	2000	0.975911	1.5748	0.000165497	9.32857e-05	0	0.000672391	2.51429e-07	3.182e-05	1.046e-05	1.41
2	2000	0.977008	1.62322	0.000165537	9.33e-05	0	0.000672409	2.51429e-07	3.17714e-05	1.11314e-05	1.41
2	2000	0.976526	1.62322	0.000165586	9.33e-05	0	0.000672426	2.51429e-07	3.176e-05	1.07771e-05	1.41
2	2000	0.976503	1.62322	0.000165571	9.32686e-05	0	0.000672403	2.51429e-07	3.17914e-05	1.07743e-05	1.41
2	2000	0.975828	1.76817	0.000165446	9.32914e-05	0	0.000672486	2.48571e-07	3.16914e-05	1.05371e-05	1.41
3	3000	0.99285	3.13206	0.000166677	9.37257e-05	0	0.000672563	2.48571e-07	3.20714e-05	2.12943e-05	1.43
3	3000	0.991275	3.06947	0.000166757	9.372e-05	0	0.000672571	2.48571e-07	3.20571e-05	2.02257e-05	1.43
3	3000	0.989654	2.91262	0.000166726	9.37257e-05	0	0.000672557	2.48571e-07	3.20371e-05	1.884e-05	1.43
3	3000	0.99619	3.19458	0.000166743	9.36657e-05	0	0.000672566	2.48571e-07	3.20771e-05	2.16229e-05	1.44
3	3000	0.999914	3.35052	0.000166734	9.37371e-05	0	0.00067258	2.48571e-07	3.20486e-05	2.27257e-05	1.44
3	3000	0.995709	3.25701	0.00016674	9.37314e-05	0	0.000672557	2.48571e-07	3.20829e-05	2.20771e-05	1.44
3	3000	1.00063	3.19458	0.000166729	9.36829e-05	0	0.000672571	2.48571e-07	3.20514e-05	2.19629e-05	1.43
3	3000	0.990137	2.75527	0.00016674	9.368e-05	0	0.000672557	2.48571e-07	3.20857e-05	1.81857e-05	1.43
3	3000	0.997508	3.66089	0.000166783	9.36857e-05	0	0.000672557	2.48571e-07	3.208e-05	2.43486e-05	1.44
3	3000	0.995032	3.10078	0.000166737	9.36914e-05	0	0.000672583	2.48571e-07	3.20857e-05	2.11086e-05	1.44
4	4000	1.00278	4.00768	0.000168231	9.42229e-05	0	0.000672643	2.51429e-07	3.244e-05	2.57771e-05	1.51
4	4000	1.0037	3.89236	0.000168237	9.422e-05	0	0.000672777	2.48571e-07	3.234e-05	2.61771e-05	1.52
4	4000	1.00519	4.37485	0.000168274	9.418e-05	0	0.000672734	2.51429e-07	3.24257e-05	2.86686e-05	1.53
4	4000	1.00062	4.32911	0.000168194	9.42286e-05	0	0.000672823	2.48571e-07	3.24086e-05	2.88543e-05	1.52
4	4000	1.01391	4.80723	0.000168237	9.41886e-05	0	0.000672751	2.48571e-07	3.24314e-05	3.24943e-05	1.53
4	4000	1.00409	4.87515	0.000168226	9.42286e-05	0	0.000672789	2.48571e-07	3.23886e-05	3.21857e-05	1.53
4	4000	1.00401	4.1457	0.000168163	9.41743e-05	0	0.000672766	2.45714e-07	3.23943e-05	2.86943e-05	1.52
4	4000	1.00683	4.4662	0.000168177	9.41886e-05	0	0.000672769	2.48571e-07	3.23743e-05	3.04286e-05	1.53
4	4000	1.00539	4.21456	0.000168263	9.41886e-05	0	0.000672757	2.51429e-07	3.23143e-05	2.84971e-05	1.52
4	4000	1.00726	4.37485	0.000168163	9.41829e-05	0	0.000672737	2.45714e-07	3.23514e-05	2.81229e-05	1.53
5	5000	1.01611	5.87349	0.000169791	9.47686e-05	0	0.000672969	2.42857e-07	3.288e-05	3.99171e-05	1.71
5	5000	1.01299	5.62476	0.000169717	9.47257e-05	0	0.000672974	2.42857e-07	3.278e-05	3.62314e-05	1.63
5	5000	1.01454	5.41052	0.000169811	9.47829e-05	0	0.000672989	2.42857e-07	3.284e-05	3.57857e-05	1.63
5	5000	1.01722	5.85577	0.000169814	9.47229e-05	0	0.000672949	2.42857e-07	3.28943e-05	3.75771e-05	1.64
5	5000	1.01658	5.85577	0.000169826	9.47286e-05	0	0.000672877	2.42857e-07	3.28771e-05	3.83371e-05	1.64
5	5000	1.01431	5.60695	0.000169834	9.47514e-05	0	0.000672937	2.42857e-07	3.286e-05	3.75286e-05	1.63
5	5000	1.0179	5.48204	0.000169843	9.47257e-05	0	0.000672966	2.42857e-07	3.29029e-05	3.72429e-05	1.63
5	5000	1.02367	5.80256	0.000169743	9.47257e-05	0	0.00067294	2.42857e-07	3.28714e-05	4.05057e-05	1.64
5	5000	1.01617	6.05036	0.000169857	9.484e-05	0	0.000673011	2.42857e-07	3.28114e-05	3.97314e-05	1.64
5	5000	1.01884	5.71375	0.0001698	9.47657e-05	0	0.000672949	2.42857e-07	3.28e-05	3.862e-05	1.63
6	6000	1.02544	7.10636	0.00017152	9.542e-05	0	0.000673249	2.4e-07	3.33829e-05	4.81971e-05	1.82
6	6000	1.02398	6.90458	0.0001716	9.544e-05	0	0.00067332	2.4e-07	3.34257e-05	4.61629e-05	1.74
6	6000	1.02526	6.90458	0.000171723	9.54571e-05	0	0.000673346	2.4e-07	3.34543e-05	4.63143e-05	1.75
6	6000	1.03146	7.29295	0.000171574	9.54486e-05	0	0.000673303	2.4e-07	3.338e-05	4.93971e-05	1.75
6	6000	1.02922	7.35022	0.000171511	9.54371e-05	0	0.000673283	2.4e-07	3.32629e-05	4.85971e-05	1.74
6	6000	1.03247	6.81783	0.000171654	9.55e-05	0	0.000673306	2.4e-07	3.34086e-05	4.67657e-05	1.75
6	6000	1.03329	6.90458	0.000171631	9.54343e-05	0	0.000673323	2.4e-07	3.33514e-05	4.70314e-05	1.75
6	6000	1.02724	6.86122	0.000171571	9.54514e-05	0	0.000673314	2.4e-07	3.33943e-05	4.67171e-05	1.74
6	6000	1.03285	7.0344	0.000171589	9.54429e-05	0	0.000673337	2.4e-07	3.342e-05	4.83257e-05	1.75
6	6000	1.03177	6.81783	0.000171511	9.54371e-05	0	0.000673243	2.4e-07	3.34086e-05	4.65857e-05	1.76
7	7000	1.04088	8.12443	0.000173334	9.616e-05	0	0.000673617	2.4e-07	3.39657e-05	5.50914e-05	1.93
7	7000	1.05058	8.22079	0.000173363	9.61829e-05	0	0.000673709	2.4e-07	3.39286e-05	5.55343e-05	1.87
7	7000	1.04281	8.1003	0.00017354	9.61686e-05	0	0.000673726	2.4e-07	3.39886e-05	5.49914e-05	1.87
7	7000	1.04772	8.61619	0.000173489	9.61886e-05	0	0.000673677	2.4e-07	3.41143e-05	5.77629e-05	1.87
7	7000	1.04638	8.06409	0.000173403	9.61914e-05	0	0.000673657	2.4e-07	3.39343e-05	5.53e-05	1.86
7	7000	1.04236	8.41293	0.000173431	9.61714e-05	0	0.000673691	2.4e-07	3.40629e-05	5.71143e-05	1.86
7	7000	1.04822	8.77102	0.000173471	9.61457e-05	0	0.0006737	2.4e-07	3.39886e-05	5.924e-05	1.86
7	7000	1.03886	8.37696	0.000173417	9.61743e-05	0	0.000673717	2.4e-07	3.39514e-05	5.68971e-05	1.86
7	7000	1.03874	7.94319	0.00017342	9.62314e-05	0	0.000673523	2.4e-07	3.4e-05	5.32057e-05	1.85
7	7000	1.04457	8.75912	0.000173429	9.61714e-05	0	0.000673706	2.4e-07	3.4e-05	6.02714e-05	1.86
8	8000	1.06136	9.83884	0.00017568	9.70429e-05	0	0.000674109	2.48571e-07	3.47686e-05	6.78571e-05	2.05
8	8000	1.05209	8.90458	0.000175571	9.70343e-05	0	0.0006741	2.51429e-07	3.45771e-05	5.95829e-05	1.97
8	8000	1.05568	9.37925	0.000175629	9.70029e-05	0	0.000674043	2.51429e-07	3.46429e-05	6.53143e-05	1.98
8	8000	1.05803	9.69635	0.000175689	9.71029e-05	0	0.000674066	2.51429e-07	3.47143e-05	6.82514e-05	1.97
8	8000	1.05878	9.71674	0.000175617	9.70629e-05	0	0.000674077	2.48571e-07	3.47029e-05	6.69857e-05	1.98
8	8000	1.05866	9.39977	0.000175631	9.70543e-05	0	0.000674223	2.48571e-07	3.46886e-05	6.54829e-05	1.97
8	8000	1.05646	9.50226	0.000175751	9.712e-05	0	0.000674117	2.48571e-07	3.47286e-05	6.53914e-05	1.98
8	8000	1.0527	9.42029	0.000175629	9.71143e-05	0	0.000674163	2.45714e-07	3.46857e-05	6.49229e-05	1.96
8	8000	1.06283	9.62494	0.000175686	9.71343e-05	0	0.000674263	2.51429e-07	3.47886e-05	6.58171e-05	1.99
8	8000	1.0543	9.56364	0.000175723	9.70171e-05	0	0.000674091	2.48571e-07	3.47771e-05	6.61086e-05	1.97
9	9000	1.06681	10.2871	0.000178089	9.80571e-05	0	0.000674877	2.31429e-07	3.55886e-05	7.11914e-05	2.16
9	9000	1.08013	10.8381	0.000178437	9.81457e-05	0	0.00067498	2.31429e-07	3.57971e-05	7.57743e-05	2.09
9	9000	1.06988	10.6966	0.000178189	9.812e-05	0	0.000675009	2.31429e-07	3.55486e-05	7.51457e-05	2.09
9	9000	1.07011	10.5457	0.000178397	9.81257e-05	0	0.000674963	2.31429e-07	3.55571e-05	7.34514e-05	2.09
9	9000	1.07501	10.6167	0.000178303	9.81486e-05	0	0.00067504	2.31429e-07	3.56857e-05	7.39971e-05	2.09
9	9000	1.06956	10.4656	0.000178229	9.81143e-05	0	0.000674911	2.31429e-07	3.55857e-05	7.29429e-05	2.08
9	9000	1.08078	10.8823	0.000178154	9.814e-05	0	0.000674989	2.31429e-07	3.56057e-05	7.59029e-05	2.09
9	9000	1.07003	10.6167	0.000178206	9.816e-05	0	0.000674766	2.31429e-07	3.55771e-05	7.38314e-05	2.09
9	9000	1.07399	10.8205	0.000178223	9.81114e-05	0	0.000674906	2.31429e-07	3.56686e-05	7.59714e-05	2.09
9	9000	1.07162	10.5101	0.000178506	9.81114e-05	0	0.000675034	2.31429e-07	3.58114e-05	7.38914e-05	2.09
10	10000	1.08991	11.4809	0.000181326	9.93914e-05	0	0.000676023	2.28571e-07	3.65e-05	8.14657e-05	2.22
10	10000	1.09418	11.7932	0.000181586	9.94086e-05	0	0.000676091	2.28571e-07	3.67886e-05	8.28057e-05	2.20
10	10000	1.09293	11.9253	0.000181357	9.93743e-05	0	0.00067598	2.28571e-07	3.66457e-05	8.54171e-05	2.21
10	10000	1.09307	12.0028	0.000181329	9.94229e-05	0	0.000676	2.28571e-07	3.66971e-05	8.51571e-05	2.21
10	10000	1.08591	11.7932	0.000181369	9.94171e-05	0	0.000675997	2.28571e-07	3.664e-05	8.32086e-05	2.21
10	10000	1.08719	11.7855	0.000181294	9.938e-05	0	0.000675977	2.28571e-07	3.65629e-05	8.416e-05	2.20
10	10000	1.08961	12.0493	0.000181257	9.93886e-05	0	0.000676023	2.28571e-07	3.67914e-05	8.52029e-05	2.20
10	10000	1.09394	12.1111	0.0001815	9.93971e-05	0	0.000676123	2.28571e-07	3.67514e-05	8.66771e-05	2.21
10	10000	1.09321	11.6139	0.000181386	9.93429e-05	0	0.000676006	2.28571e-07	3.68771e-05	8.23971e-05	2.21
10	10000	1.09279	11.9563	0.000181549	9.94343e-05	0	0.000676043	2.28571e-07	3.698e-05	8.55829e-05	2.21
11	11000	1.10896	12.9127	0.000185234	0.000100926	0	0.000677966	2.51429e-07	3.79229e-05	9.30686e-05	2.40
11	11000	1.10796	13.0641	0.000185217	0.000100969	0	0.000677937	2.51429e-07	3.784e-05	9.45457e-05	2.32
11	11000	1.10575	12.7746	0.000185377	0.000100871	0	0.000677914	2.51429e-07	3.79771e-05	9.178e-05	2.33
11	11000	1.10226	12.7676	0.000185609	0.000100923	0	0.000677994	2.51429e-07	3.80971e-05	9.07343e-05	2.32
11	11000	1.11769	13.2834	0.000185431	0.000100989	0	0.000678029	2.51429e-07	3.80771e-05	9.69171e-05	2.34
11	11000	1.11456	13.2287	0.000185217	0.000100929	0	0.000677906	2.51429e-07	3.80171e-05	9.61486e-05	2.32
11	11000	1.10856	12.6499	0.000185346	0.000101011	0	0.000677909	2.51429e-07	3.79314e-05	9.188e-05	2.33
11	11000	1.11205	13.3039	0.00018528	0.0001009	0	0.000677986	2.51429e-07	3.79686e-05	9.61686e-05	2.33
11	11000	1.11514	13.379	0.000185329	0.000100946	0	0.000677954	2.51429e-07	3.79771e-05	9.93314e-05	2.33
11	11000	1.10193	12.3785	0.00018544	0.000101014	0	0.000677906	2.51429e-07	3.80257e-05	8.89943e-05	2.33
12	12000	1.15785	14.2735	0.000194026	0.000105237	0	0.000702371	2.4e-07	3.98914e-05	0.000108169	2.55
12	12000	1.16727	14.6454	0.000194283	0.000105323	0	0.000702409	2.4e-07	4.02343e-05	0.000113057	2.49
12	12000	1.16675	13.855	0.000193903	0.000105169	0	0.000702037	2.4e-07	3.99457e-05	0.000105357	2.48
12	12000	1.16548	14.2918	0.00019406	0.000105177	0	0.000702329	2.4e-07	4.02629e-05	0.000109037	2.47
12	12000	1.17159	14.3897	0.000193697	0.000105257	0	0.000702157	2.4e-07	3.996e-05	0.000110354	2.48
12	12000	1.1662	14.0401	0.000193794	0.000105163	0	0.000702214	2.4e-07	3.98686e-05	0.000105983	2.48
12	12000	1.16437	14.206	0.00019384	0.00010528	0	0.000702374	2.4e-07	3.98714e-05	0.000108894	2.48
12	12000	1.16329	14.3897	0.00019374	0.000105203	0	0.000702109	2.4e-07	3.99143e-05	0.000109894	2.48
12	12000	1.16826	13.7745	0.000193574	0.000105214	0	0.000702251	2.4e-07	3.98086e-05	0.00010488	2.47
12	12000	1.15665	13.6007	0.00019398	0.000105234	0	0.000702191	2.4e-07	3.98829e-05	0.000102986	2.47
