N_THREADS	N_TRANSACTIONS	TIME	N_ABORTS	PROCESS_READ_TIME	PROCESS_WRITE_TIME	PROCESS_VALIDATION_TIME	PROCESS_OTHER_TIME	COMMIT_VALIDATION_TIME	COMMIT_OTHER_TIME	WASTED_TIME
1	1000	0.145175	0	5.00571e-06	6.66571e-06	0	8.78286e-06	2.51429e-07	5.26286e-06	1.19714e-06
1	1000	0.145176	0	5.00571e-06	6.66286e-06	0	8.78857e-06	2.51429e-07	5.26571e-06	1.19429e-06
1	1000	0.145174	0	5.00857e-06	6.66286e-06	0	8.78857e-06	2.48571e-07	5.26e-06	1.19429e-06
1	1000	0.145176	0	5.00286e-06	6.66571e-06	0	8.78571e-06	2.51429e-07	5.26571e-06	1.19714e-06
1	1000	0.145173	0	5.00571e-06	6.66286e-06	0	8.79143e-06	2.48571e-07	5.26286e-06	1.19143e-06
1	1000	0.145171	0	5.00286e-06	6.66286e-06	0	8.78857e-06	2.51429e-07	5.26286e-06	1.19429e-06
1	1000	0.145168	0	5.00857e-06	6.66571e-06	0	8.78286e-06	2.51429e-07	5.26e-06	1.19429e-06
1	1000	0.145171	0	5.00857e-06	6.66286e-06	0	8.78571e-06	2.51429e-07	5.26e-06	1.19714e-06
1	1000	0.145168	0	5.00857e-06	6.66286e-06	0	8.78571e-06	2.51429e-07	5.25143e-06	1.19714e-06
1	1000	0.145166	0	5.00286e-06	6.66286e-06	0	8.78571e-06	2.51429e-07	5.26e-06	1.19429e-06
2	2000	0.145271	0.299103	5.00571e-06	6.66571e-06	0	8.78571e-06	2.51429e-07	5.26286e-06	1.24286e-06
2	2000	0.14526	0.398406	5.00857e-06	6.66571e-06	0	8.78571e-06	2.51429e-07	5.26286e-06	1.24571e-06
2	2000	0.145303	0.645802	5.01429e-06	6.66286e-06	0	8.79143e-06	2.51429e-07	5.26857e-06	1.27714e-06
2	2000	0.145299	0.695134	5.01429e-06	6.66286e-06	0	8.79143e-06	2.51429e-07	5.26286e-06	1.27714e-06
2	2000	0.145256	0.447984	5.01143e-06	6.66286e-06	0	8.78857e-06	2.51429e-07	5.26571e-06	1.24286e-06
2	2000	0.145261	0.348779	5.01143e-06	6.66286e-06	0	8.78857e-06	2.51429e-07	5.26e-06	1.22857e-06
2	2000	0.145285	0.596421	5.01143e-06	6.66286e-06	0	8.79429e-06	2.48571e-07	5.26857e-06	1.26286e-06
2	2000	0.145344	0.793651	5.01429e-06	6.66571e-06	0	8.78857e-06	2.51429e-07	5.26286e-06	1.32e-06
2	2000	0.145295	0.645802	5.01143e-06	6.66571e-06	0	8.78857e-06	2.48571e-07	5.26571e-06	1.26857e-06
2	2000	0.145281	0.299103	5.01143e-06	6.66286e-06	0	8.78857e-06	2.51429e-07	5.26571e-06	1.24571e-06
3	3000	0.145387	0.464499	5.00857e-06	6.65714e-06	0	8.79429e-06	2.48571e-07	5.26e-06	1.26e-06
3	3000	0.145477	1.08803	5.01143e-06	6.66286e-06	0	8.78857e-06	2.48571e-07	5.26857e-06	1.36286e-06
3	3000	0.145408	0.826446	5.00857e-06	6.66286e-06	0	8.78857e-06	2.48571e-07	5.26857e-06	1.26571e-06
3	3000	0.145366	0.793651	5.01429e-06	6.65714e-06	0	8.79429e-06	2.48571e-07	5.26857e-06	1.26e-06
3	3000	0.145343	0.596421	5.01143e-06	6.66e-06	0	8.78857e-06	2.48571e-07	5.26286e-06	1.26286e-06
3	3000	0.14545	1.02276	5.00571e-06	6.66e-06	0	8.79714e-06	2.48571e-07	5.26857e-06	1.34857e-06
3	3000	0.14539	0.662252	5.01429e-06	6.66286e-06	0	8.78857e-06	2.48571e-07	5.26857e-06	1.28e-06
3	3000	0.145501	1.18577	5.01143e-06	6.66286e-06	0	8.78857e-06	2.48571e-07	5.26286e-06	1.38571e-06
3	3000	0.145427	1.21831	5.01143e-06	6.66e-06	0	8.78857e-06	2.48571e-07	5.26571e-06	1.35714e-06
3	3000	0.145337	0.497512	5.01143e-06	6.66e-06	0	8.78571e-06	2.48571e-07	5.26e-06	1.22857e-06
4	4000	0.145582	1.88864	5.01143e-06	6.66e-06	0	8.78857e-06	2.51429e-07	5.26571e-06	1.36571e-06
4	4000	0.145393	1.08803	5.00857e-06	6.66e-06	0	8.79143e-06	2.48571e-07	5.26857e-06	1.29714e-06
4	4000	0.145457	1.67158	5.00857e-06	6.66e-06	0	8.79714e-06	2.48571e-07	5.26571e-06	1.38e-06
4	4000	0.145516	1.25895	5.00571e-06	6.66e-06	0	8.79429e-06	2.51429e-07	5.26e-06	1.32286e-06
4	4000	0.145442	1.25895	5.00857e-06	6.66e-06	0	8.79714e-06	2.48571e-07	5.26857e-06	1.31143e-06
4	4000	0.145501	1.18577	5.01143e-06	6.66e-06	0	8.79143e-06	2.51429e-07	5.26571e-06	1.30571e-06
4	4000	0.145432	1.30767	5.00857e-06	6.66e-06	0	8.79429e-06	2.48571e-07	5.26857e-06	1.32286e-06
4	4000	0.145447	1.64741	5.00857e-06	6.66e-06	0	8.79429e-06	2.51429e-07	5.26571e-06	1.34857e-06
4	4000	0.145477	1.21018	5.00857e-06	6.66286e-06	0	8.79143e-06	2.51429e-07	5.25714e-06	1.30571e-06
4	4000	0.145466	1.30767	5.00571e-06	6.66e-06	0	8.79714e-06	2.45714e-07	5.26857e-06	1.33429e-06
5	5000	0.145664	2.2865	5.01429e-06	6.65714e-06	0	8.79714e-06	2.42857e-07	5.27714e-06	1.45714e-06
5	5000	0.145485	1.98	5.01429e-06	6.65714e-06	0	8.79714e-06	2.42857e-07	5.27429e-06	1.37143e-06
5	5000	0.14554	1.96078	5.01429e-06	6.65714e-06	0	8.78857e-06	2.42857e-07	5.26857e-06	1.37429e-06
5	5000	0.145443	1.86457	5.01143e-06	6.65714e-06	0	8.8e-06	2.42857e-07	5.27429e-06	1.34857e-06
5	5000	0.145426	1.34175	5.01143e-06	6.66e-06	0	8.79429e-06	2.42857e-07	5.27143e-06	1.32571e-06
5	5000	0.14547	1.69092	5.01714e-06	6.65714e-06	0	8.79429e-06	2.42857e-07	5.27429e-06	1.35429e-06
5	5000	0.145499	1.67158	5.01429e-06	6.65714e-06	0	8.8e-06	2.42857e-07	5.27143e-06	1.33429e-06
5	5000	0.14553	1.84531	5.01143e-06	6.65714e-06	0	8.79714e-06	2.42857e-07	5.27143e-06	1.36e-06
5	5000	0.145596	1.86457	5.01429e-06	6.65714e-06	0	8.79143e-06	2.42857e-07	5.27429e-06	1.36e-06
5	5000	0.145551	1.61354	5.01143e-06	6.65714e-06	0	8.79143e-06	2.42857e-07	5.27429e-06	1.34286e-06
6	6000	0.145621	2.02482	5.02286e-06	6.65714e-06	0	8.78857e-06	2.4e-07	5.27429e-06	1.38857e-06
6	6000	0.145662	2.08877	5.02e-06	6.66e-06	0	8.79429e-06	2.4e-07	5.28e-06	1.40857e-06
6	6000	0.14558	1.89666	5.02e-06	6.65714e-06	0	8.78857e-06	2.4e-07	5.27714e-06	1.4e-06
6	6000	0.145835	3.03814	5.01429e-06	6.66e-06	0	8.79714e-06	2.4e-07	5.28e-06	1.52e-06
6	6000	0.145581	1.88062	5.01429e-06	6.65714e-06	0	8.79429e-06	2.4e-07	5.28e-06	1.42571e-06
6	6000	0.145638	2.35964	5.01429e-06	6.65714e-06	0	8.8e-06	2.4e-07	5.27429e-06	1.43429e-06
6	6000	0.145623	1.9127	5.01429e-06	6.66e-06	0	8.79429e-06	2.4e-07	5.28286e-06	1.38e-06
6	6000	0.145607	2.51828	5.02e-06	6.66286e-06	0	8.78857e-06	2.4e-07	5.27714e-06	1.44571e-06
6	6000	0.145831	2.64482	5.01714e-06	6.65714e-06	0	8.79143e-06	2.4e-07	5.28e-06	1.49429e-06
6	6000	0.145583	2.07279	5.01714e-06	6.65714e-06	0	8.79714e-06	2.4e-07	5.28e-06	1.4e-06
7	7000	0.145749	2.62902	5.02e-06	6.66e-06	0	8.79714e-06	2.4e-07	5.28e-06	1.48571e-06
7	7000	0.145872	3.10078	5.02e-06	6.66e-06	0	8.8e-06	2.4e-07	5.28e-06	1.55714e-06
7	7000	0.145809	3.20796	5.02e-06	6.66e-06	0	8.79714e-06	2.4e-07	5.28286e-06	1.56571e-06
7	7000	0.14577	3.07394	5.02e-06	6.66e-06	0	8.79429e-06	2.4e-07	5.28e-06	1.56e-06
7	7000	0.145717	2.61547	5.02e-06	6.66e-06	0	8.79714e-06	2.4e-07	5.28e-06	1.45429e-06
7	7000	0.145723	2.79128	5.02e-06	6.66e-06	0	8.79429e-06	2.4e-07	5.28e-06	1.48857e-06
7	7000	0.145849	2.91262	5.01714e-06	6.66e-06	0	8.79429e-06	2.4e-07	5.27714e-06	1.47143e-06
7	7000	0.145618	2.46621	5.01714e-06	6.66e-06	0	8.8e-06	2.4e-07	5.27714e-06	1.44857e-06
7	7000	0.145705	3.04709	5.01714e-06	6.66e-06	0	8.79714e-06	2.4e-07	5.28e-06	1.48286e-06
7	7000	0.145757	2.76427	5.02e-06	6.66e-06	0	8.8e-06	2.4e-07	5.28e-06	1.48571e-06
8	8000	0.145779	2.9244	5.02e-06	6.65143e-06	0	8.80571e-06	2.48571e-07	5.28e-06	1.49143e-06
8	8000	0.145855	3.50983	5.01714e-06	6.65714e-06	0	8.80857e-06	2.48571e-07	5.27429e-06	1.54857e-06
8	8000	0.146017	4.18014	5.02286e-06	6.65429e-06	0	8.80286e-06	2.51429e-07	5.27714e-06	1.62e-06
8	8000	0.145931	3.24141	5.01714e-06	6.65143e-06	0	8.80857e-06	2.51429e-07	5.27143e-06	1.54857e-06
8	8000	0.145949	3.31158	5.01714e-06	6.65143e-06	0	8.81143e-06	2.42857e-07	5.28286e-06	1.54286e-06
8	8000	0.14578	3.4283	5.02e-06	6.65429e-06	0	8.80286e-06	2.51429e-07	5.27429e-06	1.55429e-06
8	8000	0.145854	3.64928	5.02571e-06	6.65429e-06	0	8.79714e-06	2.48571e-07	5.28e-06	1.55714e-06
8	8000	0.145948	4.08824	5.02857e-06	6.65429e-06	0	8.8e-06	2.42857e-07	5.28571e-06	1.64857e-06
8	8000	0.14589	3.50983	5.02571e-06	6.65143e-06	0	8.80286e-06	2.42857e-07	5.28857e-06	1.60857e-06
8	8000	0.14579	3.27651	5.01714e-06	6.65143e-06	0	8.81143e-06	2.48571e-07	5.28e-06	1.52571e-06
9	9000	0.146093	4.41801	5.02571e-06	6.66e-06	0	8.80571e-06	2.31429e-07	5.29714e-06	1.71143e-06
9	9000	0.145998	3.78448	5.02286e-06	6.66e-06	0	8.80857e-06	2.31429e-07	5.29714e-06	1.58857e-06
9	9000	0.145958	3.80504	5.01429e-06	6.66e-06	0	8.81714e-06	2.31429e-07	5.29714e-06	1.57714e-06
9	9000	0.146015	3.85643	5.01429e-06	6.66e-06	0	8.81143e-06	2.31429e-07	5.29714e-06	1.57429e-06
9	9000	0.145981	3.78448	5.01429e-06	6.66e-06	0	8.81714e-06	2.31429e-07	5.29714e-06	1.62571e-06
9	9000	0.145917	3.77419	5.01714e-06	6.66e-06	0	8.80286e-06	2.31429e-07	5.29714e-06	1.58857e-06
9	9000	0.1459	3.6093	5.01714e-06	6.66e-06	0	8.81429e-06	2.31429e-07	5.3e-06	1.56571e-06
9	9000	0.145918	3.78448	5.01714e-06	6.66e-06	0	8.81143e-06	2.31429e-07	5.29714e-06	1.59143e-06
9	9000	0.14607	4.21456	5.01429e-06	6.66e-06	0	8.81429e-06	2.31429e-07	5.29714e-06	1.65143e-06
9	9000	0.146108	3.97952	5.01714e-06	6.66e-06	0	8.80571e-06	2.31429e-07	5.3e-06	1.62571e-06
10	10000	0.146096	4.45251	5.02571e-06	6.65714e-06	0	8.80571e-06	2.28571e-07	5.29714e-06	1.70857e-06
10	10000	0.146217	4.59836	5.02571e-06	6.65714e-06	0	8.81429e-06	2.28571e-07	5.30571e-06	1.72e-06
10	10000	0.146055	4.47077	5.02857e-06	6.65714e-06	0	8.80286e-06	2.28571e-07	5.3e-06	1.68571e-06
10	10000	0.146313	4.31538	5.02857e-06	6.65714e-06	0	8.80857e-06	2.28571e-07	5.30571e-06	1.66857e-06
10	10000	0.146133	4.52549	5.02571e-06	6.65714e-06	0	8.81143e-06	2.28571e-07	5.3e-06	1.66571e-06
10	10000	0.146109	4.29706	5.02857e-06	6.65714e-06	0	8.80571e-06	2.28571e-07	5.30571e-06	1.66e-06
10	10000	0.146185	4.58015	5.02571e-06	6.65714e-06	0	8.80571e-06	2.28571e-07	5.30571e-06	1.70571e-06
10	10000	0.146132	5.08732	5.02857e-06	6.65714e-06	0	8.80857e-06	2.28571e-07	5.30571e-06	1.76571e-06
10	10000	0.146075	4.87062	5.02857e-06	6.65714e-06	0	8.80286e-06	2.28571e-07	5.30571e-06	1.74e-06
10	10000	0.14614	4.67112	5.02857e-06	6.65714e-06	0	8.80857e-06	2.28571e-07	5.30857e-06	1.72e-06
11	11000	0.146369	5.7089	5.02857e-06	6.66286e-06	0	8.81429e-06	2.48571e-07	5.28286e-06	1.84286e-06
11	11000	0.146427	5.33563	5.02857e-06	6.66286e-06	0	8.81143e-06	2.48571e-07	5.28857e-06	1.80857e-06
11	11000	0.146391	4.94297	5.02857e-06	6.66286e-06	0	8.81143e-06	2.45714e-07	5.28857e-06	1.76571e-06
11	11000	0.146634	5.5875	5.02857e-06	6.66286e-06	0	8.81143e-06	2.45714e-07	5.28571e-06	1.91714e-06
11	11000	0.146313	5.1397	5.02857e-06	6.66286e-06	0	8.81429e-06	2.42857e-07	5.28857e-06	1.75714e-06
11	11000	0.146286	5.25409	5.02857e-06	6.66286e-06	0	8.80857e-06	2.51429e-07	5.28857e-06	1.79714e-06
11	11000	0.146387	4.77839	5.02857e-06	6.66286e-06	0	8.80286e-06	2.48571e-07	5.28286e-06	1.70286e-06
11	11000	0.146465	5.02504	5.02857e-06	6.66286e-06	0	8.81714e-06	2.42857e-07	5.28857e-06	1.78857e-06
11	11000	0.146339	5.4658	5.02857e-06	6.66286e-06	0	8.82e-06	2.51429e-07	5.28e-06	1.8e-06
11	11000	0.1464	5.7089	5.02857e-06	6.66286e-06	0	8.81429e-06	2.45714e-07	5.28571e-06	1.88857e-06
12	12000	0.158102	5.58615	5.37714e-06	7.20286e-06	0	9.53714e-06	2.4e-07	5.62571e-06	2.01143e-06
12	12000	0.158277	5.87497	5.37714e-06	7.20286e-06	0	9.54e-06	2.4e-07	5.62286e-06	2.06857e-06
12	12000	0.157986	5.78629	5.37143e-06	7.2e-06	0	9.53714e-06	2.4e-07	5.63429e-06	2.00571e-06
12	12000	0.158212	6.46192	5.37714e-06	7.20286e-06	0	9.52857e-06	2.4e-07	5.62571e-06	2.06571e-06
12	12000	0.158039	5.51925	5.38286e-06	7.2e-06	0	9.53143e-06	2.4e-07	5.62571e-06	1.97429e-06
12	12000	0.158284	6.08859	5.38286e-06	7.2e-06	0	9.53143e-06	2.4e-07	5.62571e-06	2.10571e-06
12	12000	0.157965	5.63812	5.38e-06	7.2e-06	0	9.52857e-06	2.4e-07	5.63429e-06	1.98857e-06
12	12000	0.15814	6.21336	5.38286e-06	7.2e-06	0	9.53143e-06	2.4e-07	5.62857e-06	2.15714e-06
12	12000	0.158122	6.19137	5.37714e-06	7.20286e-06	0	9.53714e-06	2.4e-07	5.63143e-06	2.1e-06
12	12000	0.158037	5.7641	5.38286e-06	7.2e-06	0	9.53143e-06	2.4e-07	5.62857e-06	2.04e-06
