N_THREADS	N_TRANSACTIONS	TIME	N_ABORTS	PROCESS_READ_TIME	PROCESS_WRITE_TIME	PROCESS_VALIDATION_TIME	PROCESS_OTHER_TIME	COMMIT_VALIDATION_TIME	COMMIT_OTHER_TIME	WASTED_TIME
1	4096	9.5147	0	5.48743e-05	5.03257e-05	0	0.000101391	0	1.51486e-05	1.01714e-06	9.58
1	4096	9.51353	0	5.48457e-05	5.034e-05	0	0.000101397	0	1.51514e-05	1.02e-06	9.59
1	4096	9.51422	0	5.48057e-05	5.04e-05	0	0.00010144	0	1.51543e-05	1.02286e-06	9.59
1	4096	9.51456	0	5.48771e-05	5.03171e-05	0	0.000101383	0	1.51514e-05	1.02e-06	9.59
1	4096	9.51441	0	5.47971e-05	5.03886e-05	0	0.000101417	0	1.51486e-05	1.02286e-06	9.58
1	4096	9.51463	0	5.48914e-05	5.03114e-05	0	0.000101383	0	1.51514e-05	1.01714e-06	9.58
1	4096	9.5146	0	5.48771e-05	5.032e-05	0	0.000101389	0	1.51543e-05	1.01714e-06	9.58
1	4096	9.51253	0	5.48286e-05	5.03771e-05	0	0.000101351	0	1.51457e-05	1.02571e-06	9.59
1	4096	9.51462	0	5.48857e-05	5.032e-05	0	0.00010138	0	1.51514e-05	1.02e-06	9.59
1	4096	9.5147	0	5.48971e-05	5.03114e-05	0	0.000101386	0	1.51486e-05	1.02286e-06	9.59
2	4096	4.76719	0.0488043	5.49714e-05	5.036e-05	1.48571e-07	0.000101331	1.14286e-08	1.51771e-05	1.03714e-06	4.84
2	4096	4.76731	0.0488043	5.49743e-05	5.03714e-05	1.54286e-07	0.000101343	1.42857e-08	1.51886e-05	1.04e-06	4.84
2	4096	4.76719	0.0488043	5.49686e-05	5.03657e-05	1.54286e-07	0.000101317	1.14286e-08	1.51714e-05	1.04286e-06	4.84
2	4096	4.76723	0.0488043	5.498e-05	5.03686e-05	1.48571e-07	0.000101326	1.42857e-08	1.51743e-05	1.04286e-06	4.84
2	4096	4.76694	0.0488043	5.49429e-05	5.03771e-05	1.54286e-07	0.00010134	1.14286e-08	1.51771e-05	1.04286e-06	4.84
2	4096	4.76721	0.0488043	5.49714e-05	5.036e-05	1.54286e-07	0.000101317	1.14286e-08	1.51771e-05	1.03714e-06	4.84
2	4096	4.76671	0.0488043	5.494e-05	5.03857e-05	1.48571e-07	0.000101334	1.14286e-08	1.51686e-05	1.04286e-06	4.85
2	4096	4.76716	0.0244081	5.49629e-05	5.03686e-05	1.48571e-07	0.000101346	1.42857e-08	1.51771e-05	1.03429e-06	4.84
2	4096	4.76726	0.0244081	5.498e-05	5.03743e-05	1.51429e-07	0.000101343	1.14286e-08	1.51771e-05	1.03143e-06	4.84
2	4096	4.76726	0.0488043	5.49771e-05	5.03657e-05	1.65714e-07	0.000101309	1.14286e-08	1.51743e-05	1.04286e-06	4.85
3	4096	3.18565	0.316379	5.494e-05	5.046e-05	2.14286e-07	0.000101463	1.14286e-08	1.51971e-05	1.5e-06	3.26
3	4096	3.18496	0.364875	5.49886e-05	5.04114e-05	2.34286e-07	0.000101383	1.42857e-08	1.52e-05	1.49143e-06	3.26
3	4096	3.18549	0.316379	5.50229e-05	5.038e-05	2.48571e-07	0.00010136	0	1.52e-05	1.33714e-06	3.26
3	4096	3.1855	0.194932	5.50057e-05	5.03857e-05	2.08571e-07	0.000101406	2.85714e-09	1.52029e-05	1.35714e-06	3.27
3	4096	3.18577	0.316379	5.502e-05	5.03971e-05	2.28571e-07	0.000101397	5.71429e-09	1.52114e-05	1.52286e-06	3.26
3	4096	3.18512	0.267835	5.50229e-05	5.03943e-05	2.2e-07	0.000101371	2.85714e-09	1.51971e-05	1.33714e-06	3.26
3	4096	3.18551	0.194932	5.5e-05	5.03886e-05	2.14286e-07	0.000101403	2.85714e-09	1.52057e-05	1.36e-06	3.26
3	4096	3.1857	0.364875	5.50229e-05	5.03886e-05	2.14286e-07	0.000101431	5.71429e-09	1.52057e-05	1.49714e-06	3.25
3	4096	3.18535	0.316379	5.498e-05	5.04029e-05	2.2e-07	0.000101409	1.14286e-08	1.52029e-05	1.50286e-06	3.27
3	4096	3.18531	0.340633	5.49657e-05	5.04114e-05	2.2e-07	0.000101406	5.71429e-09	1.52029e-05	1.51429e-06	3.25
4	4096	2.3952	0.389105	5.508e-05	5.05657e-05	4.57143e-07	0.00010132	1.14286e-08	1.52314e-05	1.44857e-06	2.47
4	4096	2.39527	0.51008	5.52486e-05	5.05286e-05	5.4e-07	0.000101191	1.42857e-08	1.52571e-05	1.54286e-06	2.47
4	4096	2.39504	0.316379	5.50543e-05	5.05543e-05	4.45714e-07	0.000101337	2.28571e-08	1.52171e-05	1.42857e-06	2.47
4	4096	2.39542	0.53424	5.50943e-05	5.05514e-05	5.05714e-07	0.000101331	2e-08	1.52429e-05	1.60286e-06	2.47
4	4096	2.39491	0.485909	5.50514e-05	5.054e-05	4.25714e-07	0.000101346	1.71429e-08	1.522e-05	1.54571e-06	2.46
4	4096	2.39503	0.316379	5.52057e-05	5.05143e-05	4.22857e-07	0.000101217	1.71429e-08	1.52314e-05	1.46571e-06	2.48
4	4096	2.39554	0.43753	5.50543e-05	5.05457e-05	4.37143e-07	0.00010132	2.57143e-08	1.522e-05	1.54571e-06	2.47
4	4096	2.39492	0.340633	5.50829e-05	5.05543e-05	4.8e-07	0.000101329	2.57143e-08	1.52343e-05	1.44286e-06	2.47
4	4096	2.39487	0.461725	5.50514e-05	5.054e-05	4.42857e-07	0.000101349	1.42857e-08	1.52257e-05	1.51714e-06	2.46
4	4096	2.39539	0.558388	5.50971e-05	5.05429e-05	5.02857e-07	0.000101334	1.42857e-08	1.52514e-05	1.62857e-06	2.47
5	4096	1.92414	0.799225	5.53029e-05	5.07171e-05	8.14286e-07	0.000101137	1.17143e-07	1.524e-05	2.00286e-06	1.99
5	4096	1.92338	0.678952	5.52571e-05	5.068e-05	7.37143e-07	0.000101186	6.85714e-08	1.52371e-05	1.83143e-06	2.00
5	4096	1.92328	0.582524	5.52343e-05	5.068e-05	7.05714e-07	0.000101209	6.85714e-08	1.52371e-05	1.76857e-06	1.99
5	4096	1.92363	0.582524	5.51857e-05	5.064e-05	5.97143e-07	0.000101283	7.42857e-08	1.52314e-05	1.73714e-06	2.00
5	4096	1.92336	0.70303	5.52286e-05	5.06543e-05	7.08571e-07	0.000101206	8.57143e-08	1.52343e-05	1.86e-06	1.99
5	4096	1.92303	0.485909	5.51686e-05	5.06429e-05	5.45714e-07	0.000101317	8.85714e-08	1.52086e-05	1.69143e-06	2.00
5	4096	1.92322	0.558388	5.51886e-05	5.06429e-05	5.71429e-07	0.000101274	1.14286e-07	1.52257e-05	1.78571e-06	1.99
5	4096	1.92326	0.53424	5.52371e-05	5.06629e-05	6.97143e-07	0.000101217	7.14286e-08	1.52314e-05	1.75429e-06	2.00
5	4096	1.92383	0.654863	5.54e-05	5.06629e-05	7.22857e-07	0.000101111	1e-07	1.52514e-05	1.87429e-06	2.00
5	4096	1.92332	0.70303	5.53743e-05	5.06486e-05	6.74286e-07	0.000101103	1.28571e-07	1.524e-05	1.86286e-06	2.00
6	4096	1.60665	0.967118	5.56057e-05	5.078e-05	1.02571e-06	0.000101017	1.25714e-07	1.52771e-05	2.29429e-06	1.69
6	4096	1.60759	1.25362	5.56371e-05	5.08057e-05	1.12286e-06	0.000100914	1.08571e-07	1.528e-05	2.46286e-06	1.68
6	4096	1.60628	0.847252	5.56029e-05	5.07886e-05	1.04857e-06	0.000101071	1.45714e-07	1.52714e-05	2.02e-06	1.68
6	4096	1.60673	0.895233	5.56143e-05	5.07943e-05	1.06857e-06	0.000100969	1.34286e-07	1.52743e-05	2.21714e-06	1.69
6	4096	1.60678	0.991056	5.56086e-05	5.08e-05	1.05429e-06	0.000100929	1.22857e-07	1.52743e-05	2.33714e-06	1.67
6	4096	1.60679	0.967118	5.56114e-05	5.07743e-05	1.01714e-06	0.000101049	1.2e-07	1.52771e-05	2.26286e-06	1.68
6	4096	1.60679	0.847252	5.56e-05	5.07143e-05	8.94286e-07	0.000101006	1.28571e-07	1.52914e-05	2.09143e-06	1.69
6	4096	1.60653	0.847252	5.55943e-05	5.07829e-05	1.02286e-06	0.000100969	1.14286e-07	1.52714e-05	2.16286e-06	1.69
6	4096	1.60719	1.08669	5.55943e-05	5.07686e-05	9.77143e-07	0.000101066	1.54286e-07	1.52543e-05	2.34286e-06	1.69
6	4096	1.60699	1.08669	5.56457e-05	5.08114e-05	1.11714e-06	0.000101089	1.51429e-07	1.52914e-05	2.32e-06	1.68
7	4096	1.3819	1.25362	5.55829e-05	5.08971e-05	1.26e-06	0.000101066	1.6e-07	1.52429e-05	2.88571e-06	1.45
7	4096	1.3815	1.0628	5.57657e-05	5.08943e-05	1.24857e-06	0.000101023	2.37143e-07	1.52486e-05	2.53714e-06	1.45
7	4096	1.38152	1.0389	5.57057e-05	5.08743e-05	1.10571e-06	0.000101091	1.94286e-07	1.52571e-05	2.54e-06	1.46
7	4096	1.38221	1.18215	5.56086e-05	5.09e-05	1.22e-06	0.000101183	2.17143e-07	1.52486e-05	2.65429e-06	1.45
7	4096	1.38225	1.1583	5.55943e-05	5.09057e-05	1.20857e-06	0.000101049	2.08571e-07	1.52257e-05	2.71429e-06	1.45
7	4096	1.38234	1.27742	5.56029e-05	5.08971e-05	1.19429e-06	0.000101149	1.94286e-07	1.524e-05	3.00286e-06	1.45
7	4096	1.38183	1.0389	5.57429e-05	5.09314e-05	1.29429e-06	0.00010102	1.94286e-07	1.52857e-05	2.68857e-06	1.46
7	4096	1.38222	1.13444	5.55857e-05	5.09057e-05	1.16571e-06	0.00010112	1.74286e-07	1.52457e-05	2.79429e-06	1.45
7	4096	1.38195	1.25362	5.56314e-05	5.09343e-05	1.28857e-06	0.00010108	2.22857e-07	1.52343e-05	2.73429e-06	1.45
7	4096	1.38166	1.11057	5.55971e-05	5.09143e-05	1.19429e-06	0.00010108	1.45714e-07	1.52714e-05	2.68e-06	1.45
8	4096	1.21106	1.34875	5.58914e-05	5.10886e-05	1.46857e-06	0.000101126	4.28571e-07	1.51314e-05	3.30286e-06	1.29
8	4096	1.21096	1.60942	5.58543e-05	5.108e-05	1.54571e-06	0.000101023	4.22857e-07	1.51086e-05	3.41429e-06	1.28
8	4096	1.21128	1.72745	5.58429e-05	5.10857e-05	1.48e-06	0.000101214	4.4e-07	1.51343e-05	3.61429e-06	1.29
8	4096	1.21059	1.3725	5.58029e-05	5.10457e-05	1.35714e-06	0.00010126	5e-07	1.50943e-05	3.24857e-06	1.28
8	4096	1.21115	1.4437	5.57886e-05	5.10829e-05	1.33429e-06	0.000101143	4.85714e-07	1.504e-05	3.4e-06	1.28
8	4096	1.21071	1.77458	5.582e-05	5.10686e-05	1.37143e-06	0.00010126	4.62857e-07	1.50886e-05	3.80857e-06	1.29
8	4096	1.21026	1.65666	5.59171e-05	5.114e-05	1.57714e-06	0.000101009	4.25714e-07	1.51257e-05	3.40857e-06	1.28
8	4096	1.21091	1.27742	5.60371e-05	5.11257e-05	1.68e-06	0.000100934	4.57143e-07	1.512e-05	3.02571e-06	1.29
8	4096	1.21087	1.53846	5.58943e-05	5.11057e-05	1.60857e-06	0.000101009	4.51429e-07	1.51e-05	3.51714e-06	1.28
8	4096	1.21107	1.75102	5.58914e-05	5.11143e-05	1.53143e-06	0.000101134	4.8e-07	1.51057e-05	3.55429e-06	1.29
9	4096	1.08188	2.12664	5.61571e-05	5.13e-05	2.03714e-06	0.000101	6.11429e-07	1.50971e-05	4.31714e-06	1.15
9	4096	1.08115	2.19675	5.628e-05	5.12914e-05	2.06e-06	0.000100897	5.51429e-07	1.51343e-05	4.48571e-06	1.16
9	4096	1.08076	2.2201	5.63286e-05	5.13686e-05	2.03143e-06	0.00010084	6.25714e-07	1.50771e-05	4.46571e-06	1.16
9	4096	1.08102	2.24344	5.63057e-05	5.13371e-05	2.08571e-06	0.000100783	5.02857e-07	1.516e-05	4.48e-06	1.16
9	4096	1.08171	2.38322	5.63657e-05	5.14057e-05	2.10286e-06	0.000100811	6.65714e-07	1.50429e-05	4.72286e-06	1.16
9	4096	1.08059	2.2201	5.638e-05	5.13743e-05	2.21429e-06	0.000100786	6.48571e-07	1.50429e-05	4.27429e-06	1.16
9	4096	1.08181	1.8452	5.62771e-05	5.13286e-05	2.02e-06	0.000100851	4.34286e-07	1.52086e-05	4.28286e-06	1.16
9	4096	1.08163	2.26676	5.62314e-05	5.13114e-05	1.87429e-06	0.000101054	4.48571e-07	1.52114e-05	4.58857e-06	1.16
9	4096	1.08267	2.5458	5.64886e-05	5.14314e-05	2.40857e-06	0.000100557	6.54286e-07	1.50857e-05	4.67714e-06	1.16
9	4096	1.08202	1.93919	5.63371e-05	5.13714e-05	2.03143e-06	0.000100874	5.28571e-07	1.51686e-05	4.30286e-06	1.16
10	4096	0.977198	3.23648	5.70257e-05	5.17571e-05	3.12286e-06	0.000100563	1.02857e-06	1.494e-05	5.41143e-06	1.06
10	4096	0.976524	2.61531	5.69343e-05	5.16486e-05	3.09143e-06	0.00010046	1.02e-06	1.49086e-05	4.92857e-06	1.05
10	4096	0.976514	2.86934	5.69371e-05	5.17914e-05	3.09714e-06	0.000100426	1.06571e-06	1.49143e-05	5.10571e-06	1.05
10	4096	0.976031	2.70784	5.66371e-05	5.16371e-05	2.57143e-06	0.000100894	1.26571e-06	1.46429e-05	5e-06	1.05
10	4096	0.976992	2.80019	5.67829e-05	5.17e-05	2.84e-06	0.000100634	1.23143e-06	1.46971e-05	5.15143e-06	1.05
10	4096	0.976556	2.59215	5.68771e-05	5.17371e-05	3.02286e-06	0.000100726	1.11429e-06	1.48629e-05	4.93429e-06	1.05
10	4096	0.975827	3.0303	5.664e-05	5.16086e-05	2.57714e-06	0.000100883	1.21143e-06	1.46971e-05	5.36e-06	1.05
10	4096	0.97548	2.61531	5.66829e-05	5.16486e-05	2.61143e-06	0.000100937	1.08286e-06	1.48514e-05	4.8e-06	1.05
10	4096	0.976826	2.89237	5.68657e-05	5.17257e-05	2.99143e-06	0.000100634	1.28571e-06	1.46657e-05	5.06571e-06	1.05
10	4096	0.977056	2.93839	5.67629e-05	5.17057e-05	2.76571e-06	0.000100769	1.07143e-06	1.49029e-05	5.38857e-06	1.06
11	4096	0.893695	4.52214	5.77343e-05	5.216e-05	4.52571e-06	9.98286e-05	1.84571e-06	1.44171e-05	6.79429e-06	0.97
11	4096	0.893379	4.5444	5.77971e-05	5.21086e-05	4.59429e-06	9.96171e-05	1.70286e-06	1.45743e-05	7.05429e-06	0.96
11	4096	0.894097	4.69986	5.79829e-05	5.22514e-05	4.84286e-06	9.93829e-05	1.67143e-06	1.466e-05	6.97143e-06	0.95
11	4096	0.894092	4.83271	5.77543e-05	5.21057e-05	4.51429e-06	9.95914e-05	1.97429e-06	1.432e-05	6.81714e-06	0.95
11	4096	0.892744	4.92108	5.78286e-05	5.22771e-05	4.74e-06	9.94857e-05	1.59429e-06	1.46886e-05	7.15143e-06	0.95
11	4096	0.893524	4.87692	5.77171e-05	5.21943e-05	4.42571e-06	0.000100017	1.90857e-06	1.444e-05	7.19714e-06	0.95
11	4096	0.894177	4.76633	5.79057e-05	5.22143e-05	4.61714e-06	9.95829e-05	2.02286e-06	1.43114e-05	7.11429e-06	0.95
11	4096	0.893468	4.94314	5.77657e-05	5.21943e-05	4.56571e-06	9.96086e-05	1.89429e-06	1.44171e-05	7.42571e-06	0.94
11	4096	0.893426	4.43304	5.77943e-05	5.22086e-05	4.68286e-06	9.96029e-05	1.6e-06	1.46914e-05	6.36857e-06	0.95
11	4096	0.892735	4.76633	5.77e-05	5.22e-05	4.35714e-06	9.99314e-05	2.02571e-06	1.43371e-05	7.11714e-06	0.96
12	4096	0.867099	6.90909	6.07086e-05	5.444e-05	6.33714e-06	0.00010332	2.12e-06	1.49886e-05	1.02314e-05	0.94
12	4096	0.866017	5.96878	6.06257e-05	5.436e-05	6.17429e-06	0.000103394	2.22e-06	1.48629e-05	8.98571e-06	0.92
12	4096	0.866518	6.11964	6.06486e-05	5.44229e-05	6.36e-06	0.000103306	2.20571e-06	1.48514e-05	9.82286e-06	0.93
12	4096	0.866885	6.80319	6.06143e-05	5.44543e-05	6.36e-06	0.000103311	2.09143e-06	1.498e-05	1.02029e-05	0.92
12	4096	0.86593	6.24857	6.06429e-05	5.44743e-05	6.26571e-06	0.000103457	2.34286e-06	1.48057e-05	9.18571e-06	0.93
12	4096	0.867273	6.16266	6.07229e-05	5.45629e-05	6.42857e-06	0.000103277	2.55429e-06	1.458e-05	1.00914e-05	0.93
12	4096	0.865946	6.16266	6.06029e-05	5.44686e-05	6.40857e-06	0.00010318	2.23143e-06	1.48429e-05	1.00829e-05	0.92
12	4096	0.865805	6.48402	6.05629e-05	5.44257e-05	6.24857e-06	0.000103386	2.28571e-06	1.47971e-05	1.01086e-05	0.93
12	4096	0.865805	6.54803	6.05771e-05	5.43229e-05	6.27143e-06	0.000103194	2.35143e-06	1.46743e-05	9.68857e-06	0.92
12	4096	0.865678	6.82439	6.06857e-05	5.44314e-05	6.34e-06	0.000103237	2.29429e-06	1.48e-05	1.026e-05	0.92
