N_THREADS	N_TRANSACTIONS	TIME	N_ABORTS	PROCESS_READ_TIME	PROCESS_WRITE_TIME	PROCESS_VALIDATION_TIME	PROCESS_OTHER_TIME	COMMIT_VALIDATION_TIME	COMMIT_OTHER_TIME	WASTED_TIME
1	4096	8.97093	0	1.59629e-05	1.13343e-05	0	6.45657e-05	0	3.80857e-06	3.77143e-07
1	4096	8.96849	0	1.596e-05	1.13286e-05	0	6.45514e-05	0	3.80571e-06	3.77143e-07
1	4096	8.97076	0	1.59629e-05	1.13343e-05	0	6.45657e-05	0	3.80857e-06	3.77143e-07
1	4096	8.97055	0	1.59629e-05	1.13314e-05	0	6.45657e-05	0	3.80857e-06	3.77143e-07
1	4096	8.96881	0	1.596e-05	1.13286e-05	0	6.45543e-05	0	3.80857e-06	3.77143e-07
1	4096	8.97103	0	1.59629e-05	1.13343e-05	0	6.45686e-05	0	3.80857e-06	3.77143e-07
1	4096	8.97063	0	1.59657e-05	1.13343e-05	0	6.45629e-05	0	3.80857e-06	3.77143e-07
1	4096	8.96918	0	1.596e-05	1.13286e-05	0	6.45571e-05	0	3.80857e-06	3.77143e-07
1	4096	8.96968	0	1.596e-05	1.13314e-05	0	6.456e-05	0	3.80857e-06	3.77143e-07
1	4096	8.97105	0	1.59629e-05	1.13343e-05	0	6.45714e-05	0	3.80857e-06	3.74286e-07
2	4096	4.4927	0.121921	1.59743e-05	1.13286e-05	3.42857e-08	6.452e-05	2.85714e-09	3.80857e-06	4.02857e-07
2	4096	4.49363	0.121921	1.598e-05	1.13286e-05	3.71429e-08	6.45343e-05	2.85714e-09	3.80857e-06	4e-07
2	4096	4.49389	0.121921	1.598e-05	1.13314e-05	3.71429e-08	6.45371e-05	2.85714e-09	3.81143e-06	4.11429e-07
2	4096	4.49384	0.14627	1.59771e-05	1.13314e-05	3.71429e-08	6.45371e-05	2.85714e-09	3.80857e-06	4.08571e-07
2	4096	4.4939	0.121921	1.59771e-05	1.13314e-05	4e-08	6.45343e-05	2.85714e-09	3.80857e-06	4.11429e-07
2	4096	4.49286	0.097561	1.59714e-05	1.13286e-05	4e-08	6.45229e-05	2.85714e-09	3.80857e-06	4.11429e-07
2	4096	4.49364	0.170607	1.59771e-05	1.13314e-05	3.71429e-08	6.45314e-05	2.85714e-09	3.80857e-06	4.08571e-07
2	4096	4.49308	0.097561	1.59771e-05	1.13314e-05	3.71429e-08	6.45257e-05	2.85714e-09	3.80857e-06	4e-07
2	4096	4.49338	0.14627	1.59771e-05	1.13314e-05	4e-08	6.45286e-05	0	3.81143e-06	4.14286e-07
2	4096	4.49291	0.097561	1.59743e-05	1.13257e-05	4.28571e-08	6.45229e-05	2.85714e-09	3.80857e-06	4.08571e-07
3	4096	3.00138	0.243546	1.59743e-05	1.13286e-05	2.28571e-08	6.45486e-05	0	3.80571e-06	4.94286e-07
3	4096	3.00143	0.219245	1.59829e-05	1.13257e-05	2.85714e-08	6.45486e-05	0	3.80571e-06	4.91429e-07
3	4096	3.00091	0.340633	1.59829e-05	1.13257e-05	4e-08	6.45229e-05	0	3.80857e-06	5.05714e-07
3	4096	3.00117	0.316379	1.598e-05	1.13314e-05	4e-08	6.45257e-05	0	3.80857e-06	4.94286e-07
3	4096	3.00103	0.267835	1.59743e-05	1.13286e-05	2.57143e-08	6.45371e-05	0	3.80571e-06	4.97143e-07
3	4096	3.00135	0.389105	1.59857e-05	1.13257e-05	6.57143e-08	6.45029e-05	2.85714e-09	3.80571e-06	5.6e-07
3	4096	3.00131	0.364875	1.59829e-05	1.13286e-05	3.71429e-08	6.45343e-05	0	3.80857e-06	5e-07
3	4096	3.00093	0.316379	1.59829e-05	1.13257e-05	3.71429e-08	6.45314e-05	0	3.81143e-06	5e-07
3	4096	3.00103	0.243546	1.59771e-05	1.13257e-05	3.14286e-08	6.45343e-05	0	3.80571e-06	4.94286e-07
3	4096	3.00188	0.219245	1.59829e-05	1.13314e-05	2.57143e-08	6.456e-05	0	3.80571e-06	4.97143e-07
4	4096	2.25554	0.461725	1.60114e-05	1.13257e-05	1.25714e-07	6.44543e-05	5.71429e-09	3.80857e-06	5.51429e-07
4	4096	2.25587	0.43753	1.59943e-05	1.13257e-05	8.28571e-08	6.45e-05	2.85714e-09	3.80857e-06	5.6e-07
4	4096	2.25603	0.413324	1.59914e-05	1.13314e-05	7.71429e-08	6.45086e-05	5.71429e-09	3.80857e-06	5.57143e-07
4	4096	2.25606	0.43753	1.59971e-05	1.13257e-05	8.57143e-08	6.45086e-05	8.57143e-09	3.80286e-06	5.48571e-07
4	4096	2.25544	0.413324	1.59971e-05	1.13257e-05	9.14286e-08	6.448e-05	8.57143e-09	3.80286e-06	5.42857e-07
4	4096	2.25583	0.51008	1.60114e-05	1.13257e-05	1.28571e-07	6.44629e-05	5.71429e-09	3.80857e-06	5.57143e-07
4	4096	2.25532	0.485909	1.60057e-05	1.13257e-05	1.22857e-07	6.44457e-05	2.85714e-09	3.80857e-06	5.48571e-07
4	4096	2.25597	0.895233	1.60257e-05	1.13257e-05	1.51429e-07	6.44514e-05	1.14286e-08	3.80571e-06	6.8e-07
4	4096	2.2552	0.461725	1.60029e-05	1.13257e-05	1.08571e-07	6.446e-05	5.71429e-09	3.80571e-06	5.34286e-07
4	4096	2.25587	0.51008	1.59971e-05	1.13257e-05	1.02857e-07	6.44886e-05	8.57143e-09	3.80571e-06	5.91429e-07
5	4096	1.81054	0.823245	1.60257e-05	1.13314e-05	1.65714e-07	6.44314e-05	2e-08	3.79429e-06	6.85714e-07
5	4096	1.81037	0.606649	1.59971e-05	1.13286e-05	9.14286e-08	6.44971e-05	2e-08	3.80571e-06	6.37143e-07
5	4096	1.81055	0.871249	1.60114e-05	1.13314e-05	1.22857e-07	6.44771e-05	1.71429e-08	3.80286e-06	6.68571e-07
5	4096	1.8104	0.847252	1.60257e-05	1.13286e-05	1.6e-07	6.44286e-05	1.14286e-08	3.8e-06	6.8e-07
5	4096	1.81104	0.582524	1.60086e-05	1.13314e-05	9.42857e-08	6.452e-05	2e-08	3.80286e-06	6.34286e-07
5	4096	1.81034	0.678952	1.60057e-05	1.13257e-05	9.42857e-08	6.44914e-05	2.28571e-08	3.8e-06	6.42857e-07
5	4096	1.81019	0.799225	1.60171e-05	1.13229e-05	1.54286e-07	6.44229e-05	1.42857e-08	3.80286e-06	6.94286e-07
5	4096	1.81005	0.775194	1.60286e-05	1.13257e-05	1.65714e-07	6.44114e-05	1.42857e-08	3.8e-06	6.8e-07
5	4096	1.81053	0.799225	1.60286e-05	1.13286e-05	1.62857e-07	6.44286e-05	1.71429e-08	3.8e-06	6.8e-07
5	4096	1.81018	0.606649	1.60057e-05	1.13286e-05	9.71429e-08	6.44829e-05	2.28571e-08	3.8e-06	6.17143e-07
6	4096	1.51134	1.32498	1.60829e-05	1.13257e-05	3.05714e-07	6.43143e-05	3.71429e-08	3.80286e-06	9.08571e-07
6	4096	1.51128	1.4437	1.608e-05	1.13257e-05	3.08571e-07	6.43057e-05	4e-08	3.8e-06	9.11429e-07
6	4096	1.51153	1.2298	1.61057e-05	1.13257e-05	3.65714e-07	6.42429e-05	3.14286e-08	3.80286e-06	8.88571e-07
6	4096	1.51147	1.51479	1.61057e-05	1.13257e-05	3.6e-07	6.42571e-05	3.71429e-08	3.80286e-06	9.85714e-07
6	4096	1.51104	1.4911	1.608e-05	1.13229e-05	3.11429e-07	6.428e-05	4e-08	3.79429e-06	9.37143e-07
6	4096	1.51112	1.4911	1.60829e-05	1.13257e-05	3.11429e-07	6.42914e-05	3.71429e-08	3.80286e-06	9.48571e-07
6	4096	1.51151	1.20598	1.61e-05	1.13257e-05	3.71429e-07	6.42429e-05	2.85714e-08	3.79714e-06	8.25714e-07
6	4096	1.51137	1.3725	1.60857e-05	1.13257e-05	3.17143e-07	6.42914e-05	4.57143e-08	3.79429e-06	9.17143e-07
6	4096	1.51137	1.27742	1.61057e-05	1.13257e-05	3.8e-07	6.42486e-05	2.85714e-08	3.8e-06	8.37143e-07
6	4096	1.51132	1.4911	1.61171e-05	1.13257e-05	4.05714e-07	6.42143e-05	3.71429e-08	3.80286e-06	9.22857e-07
7	4096	1.29848	1.65666	1.60857e-05	1.13229e-05	3.31429e-07	6.426e-05	4.85714e-08	3.80286e-06	1.06571e-06
7	4096	1.29836	1.72745	1.60943e-05	1.13229e-05	3.8e-07	6.42143e-05	3.42857e-08	3.8e-06	1.07429e-06
7	4096	1.29888	1.51479	1.61143e-05	1.13229e-05	4.02857e-07	6.42314e-05	3.71429e-08	3.80571e-06	1.02857e-06
7	4096	1.29866	1.68027	1.60943e-05	1.13229e-05	3.6e-07	6.42457e-05	5.14286e-08	3.8e-06	1.07429e-06
7	4096	1.29863	1.56212	1.60971e-05	1.13229e-05	3.82857e-07	6.42371e-05	4.28571e-08	3.79714e-06	1.04e-06
7	4096	1.29828	1.68027	1.60971e-05	1.13229e-05	3.77143e-07	6.42343e-05	6e-08	3.78857e-06	1.08571e-06
7	4096	1.29875	1.89222	1.61e-05	1.13229e-05	3.74286e-07	6.42286e-05	2.85714e-08	3.79429e-06	1.14286e-06
7	4096	1.29864	1.79813	1.61143e-05	1.13229e-05	4.17143e-07	6.42114e-05	4e-08	3.8e-06	1.10857e-06
7	4096	1.29868	1.65666	1.61057e-05	1.13229e-05	3.85714e-07	6.42286e-05	2.57143e-08	3.80286e-06	1.07714e-06
7	4096	1.29888	1.4911	1.61143e-05	1.13229e-05	4.02857e-07	6.42229e-05	4.28571e-08	3.79714e-06	1.02286e-06
8	4096	1.13681	2.15002	1.61229e-05	1.13143e-05	4.11429e-07	6.42086e-05	7.14286e-08	3.76857e-06	1.4e-06
8	4096	1.13693	2.2201	1.61657e-05	1.13229e-05	5.37143e-07	6.41029e-05	8.28571e-08	3.78e-06	1.38e-06
8	4096	1.1368	2.24344	1.61286e-05	1.13143e-05	4.62857e-07	6.41657e-05	7.14286e-08	3.78e-06	1.43143e-06
8	4096	1.13689	2.17339	1.61457e-05	1.13143e-05	4.85714e-07	6.41543e-05	8.85714e-08	3.77143e-06	1.34571e-06
8	4096	1.13675	2.26676	1.61686e-05	1.13171e-05	5.37143e-07	6.41029e-05	6.85714e-08	3.78286e-06	1.30857e-06
8	4096	1.13712	2.4994	1.61571e-05	1.132e-05	4.94286e-07	6.41457e-05	9.14286e-08	3.76571e-06	1.46857e-06
8	4096	1.13671	2.31338	1.61629e-05	1.13143e-05	5.4e-07	6.40914e-05	8.28571e-08	3.77429e-06	1.38286e-06
8	4096	1.13704	2.03301	1.61143e-05	1.132e-05	4.11429e-07	6.42143e-05	1e-07	3.75429e-06	1.37429e-06
8	4096	1.13699	2.17339	1.612e-05	1.13171e-05	4.42857e-07	6.41943e-05	6e-08	3.79143e-06	1.44286e-06
8	4096	1.13697	2.10325	1.614e-05	1.132e-05	4.77143e-07	6.41714e-05	7.42857e-08	3.77714e-06	1.36571e-06
9	4096	1.01457	2.77712	1.61943e-05	1.13171e-05	6.05714e-07	6.40171e-05	8.57143e-08	3.77143e-06	1.67143e-06
9	4096	1.01461	2.70784	1.61657e-05	1.132e-05	5.37143e-07	6.40943e-05	1.11429e-07	3.76857e-06	1.64e-06
9	4096	1.01462	2.5458	1.61571e-05	1.13171e-05	5.4e-07	6.40914e-05	7.14286e-08	3.78571e-06	1.55714e-06
9	4096	1.01463	2.68472	1.616e-05	1.13171e-05	5.51429e-07	6.408e-05	7.71429e-08	3.79143e-06	1.63143e-06
9	4096	1.01415	2.59215	1.61771e-05	1.13171e-05	5.42857e-07	6.408e-05	6.57143e-08	3.78e-06	1.56857e-06
9	4096	1.01456	2.89237	1.61714e-05	1.13171e-05	5.65714e-07	6.40686e-05	1.05714e-07	3.76857e-06	1.62571e-06
9	4096	1.01447	2.77712	1.61771e-05	1.13171e-05	5.65714e-07	6.40657e-05	9.42857e-08	3.77714e-06	1.73143e-06
9	4096	1.01458	2.86934	1.61943e-05	1.13171e-05	6.48571e-07	6.39914e-05	1e-07	3.76857e-06	1.58286e-06
9	4096	1.01451	2.98437	1.62057e-05	1.13171e-05	6.02857e-07	6.404e-05	8.28571e-08	3.78e-06	1.76286e-06
9	4096	1.01447	2.82325	1.62057e-05	1.13171e-05	6.37143e-07	6.39771e-05	6.57143e-08	3.78e-06	1.63143e-06
10	4096	0.913743	2.82325	1.622e-05	1.13171e-05	7e-07	6.39457e-05	1.37143e-07	3.73714e-06	1.79429e-06
10	4096	0.913882	2.89237	1.62086e-05	1.13257e-05	7.08571e-07	6.39229e-05	1.45714e-07	3.72857e-06	1.74571e-06
10	4096	0.913658	3.12204	1.62086e-05	1.13114e-05	6.68571e-07	6.39543e-05	1.62857e-07	3.71143e-06	1.82286e-06
10	4096	0.913998	2.96138	1.62257e-05	1.13257e-05	7.14286e-07	6.39143e-05	1.65714e-07	3.72571e-06	1.74286e-06
10	4096	0.913996	2.96138	1.62114e-05	1.132e-05	7.17143e-07	6.39286e-05	1.48571e-07	3.73714e-06	1.78857e-06
10	4096	0.913877	2.93839	1.62086e-05	1.132e-05	6.68571e-07	6.39657e-05	1.54286e-07	3.73714e-06	1.82286e-06
10	4096	0.913793	2.77712	1.62029e-05	1.13171e-05	6.71429e-07	6.396e-05	1.4e-07	3.73143e-06	1.76286e-06
10	4096	0.913533	3.305	1.62257e-05	1.132e-05	7.57143e-07	6.38657e-05	1.4e-07	3.74571e-06	1.92286e-06
10	4096	0.913796	2.8463	1.62086e-05	1.13143e-05	6.97143e-07	6.39371e-05	1.51429e-07	3.72571e-06	1.78e-06
10	4096	0.913749	2.86934	1.62114e-05	1.13143e-05	6.8e-07	6.39371e-05	1.51429e-07	3.74e-06	1.74e-06
11	4096	0.833315	3.7594	1.62743e-05	1.13257e-05	8.42857e-07	6.37886e-05	1.97143e-07	3.71714e-06	2.23714e-06
11	4096	0.833219	3.84977	1.62886e-05	1.13257e-05	9.2e-07	6.37114e-05	1.88571e-07	3.71714e-06	2.41429e-06
11	4096	0.83342	3.84977	1.62629e-05	1.13257e-05	8.31429e-07	6.37857e-05	1.82857e-07	3.70286e-06	2.21714e-06
11	4096	0.833497	3.96249	1.62714e-05	1.13257e-05	8.74286e-07	6.37571e-05	2.25714e-07	3.69714e-06	2.33429e-06
11	4096	0.833432	3.55545	1.62686e-05	1.13257e-05	8.45714e-07	6.37886e-05	1.57143e-07	3.72e-06	2.24e-06
11	4096	0.833082	3.89489	1.62514e-05	1.13257e-05	7.91429e-07	6.38486e-05	1.94286e-07	3.73714e-06	2.39429e-06
11	4096	0.833345	3.93996	1.62743e-05	1.13257e-05	8.48571e-07	6.38171e-05	2.2e-07	3.69429e-06	2.47714e-06
11	4096	0.8333	4.34376	1.62914e-05	1.13257e-05	8.88571e-07	6.37486e-05	2.14286e-07	3.70286e-06	2.36857e-06
11	4096	0.833616	3.71415	1.62629e-05	1.13229e-05	8.37143e-07	6.37886e-05	2.42857e-07	3.68286e-06	2.21143e-06
11	4096	0.833665	3.55545	1.62943e-05	1.13257e-05	9.11429e-07	6.37057e-05	2.11429e-07	3.69143e-06	2.19714e-06
12	4096	0.832519	4.0974	1.77486e-05	1.23457e-05	1.02571e-06	6.94171e-05	2.8e-07	3.99143e-06	2.94286e-06
12	4096	0.832271	4.02999	1.77629e-05	1.23429e-05	1.04857e-06	6.93971e-05	2.14286e-07	4.04571e-06	2.84571e-06
12	4096	0.832589	4.56664	1.77829e-05	1.23371e-05	1.13143e-06	6.93457e-05	2.54286e-07	4.02571e-06	3.03429e-06
12	4096	0.832917	4.69986	1.77971e-05	1.23286e-05	1.19143e-06	6.92571e-05	3.02857e-07	4.01429e-06	3.11143e-06
12	4096	0.832195	3.84977	1.77457e-05	1.23371e-05	1.00286e-06	6.94429e-05	2.71429e-07	4.00286e-06	2.62571e-06
12	4096	0.832355	4.2767	1.77543e-05	1.23486e-05	1.02e-06	6.94429e-05	2.77143e-07	3.99143e-06	2.84286e-06
12	4096	0.832745	4.43304	1.77657e-05	1.23457e-05	1.06571e-06	6.93971e-05	2.51429e-07	4.04e-06	3.02857e-06
12	4096	0.832206	4.07494	1.776e-05	1.23486e-05	1.01429e-06	6.94229e-05	2.37143e-07	4.03429e-06	2.7e-06
12	4096	0.83276	4.67768	1.778e-05	1.23343e-05	1.10286e-06	6.936e-05	2.71429e-07	4.01714e-06	3.01143e-06
12	4096	0.832896	4.61109	1.77857e-05	1.23457e-05	1.13429e-06	6.93171e-05	2.37143e-07	4.04e-06	2.98286e-06
