N_THREADS	N_TRANSACTIONS	TIME	N_ABORTS	PROCESS_READ_TIME	PROCESS_WRITE_TIME	PROCESS_VALIDATION_TIME	PROCESS_OTHER_TIME	COMMIT_VALIDATION_TIME	COMMIT_OTHER_TIME	WASTED_TIME
1	100	0.00950373	0	1.53686e-05	3.4e-07	0	1.85143e-05	0	1.14857e-06	3.77143e-07
1	100	0.00950107	0	1.53686e-05	3.4e-07	0	1.84971e-05	0	1.14e-06	3.82857e-07
1	100	0.00949957	0	1.536e-05	3.4e-07	0	1.84914e-05	0	1.15429e-06	3.74286e-07
1	100	0.00949984	0	1.536e-05	3.4e-07	0	1.84943e-05	0	1.15714e-06	3.74286e-07
1	100	0.00950167	0	1.53857e-05	3.37143e-07	0	1.84943e-05	0	1.14286e-06	3.8e-07
1	100	0.0094997	0	1.53657e-05	3.37143e-07	0	1.84914e-05	0	1.14286e-06	3.77143e-07
1	100	0.00949911	0	1.53629e-05	3.4e-07	0	1.85e-05	0	1.13714e-06	3.74286e-07
1	100	0.00949911	0	1.53657e-05	3.4e-07	0	1.84943e-05	0	1.14571e-06	3.74286e-07
1	100	0.00949929	0	1.53486e-05	3.37143e-07	0	1.85057e-05	0	1.14857e-06	3.8e-07
1	100	0.00949833	0	1.53457e-05	3.37143e-07	0	1.85029e-05	0	1.15143e-06	3.74286e-07
2	200	0.0102806	6.10329	1.65257e-05	3.42857e-07	3.85714e-07	1.91771e-05	3.71429e-08	1.16e-06	3.07714e-06
2	200	0.0101564	5.66038	1.64886e-05	3.42857e-07	4.02857e-07	1.91314e-05	4.57143e-08	1.15714e-06	2.96571e-06
2	200	0.0100374	5.21327	1.64771e-05	3.4e-07	3.91429e-07	1.91086e-05	0	1.15143e-06	2.91429e-06
2	200	0.0100322	5.21327	1.646e-05	3.42857e-07	3.88571e-07	1.91086e-05	0	1.15429e-06	2.90571e-06
2	200	0.0100326	5.21327	1.648e-05	3.4e-07	3.94286e-07	1.90971e-05	0	1.14571e-06	2.89143e-06
2	200	0.010251	6.10329	1.65114e-05	3.42857e-07	4e-07	1.91543e-05	3.42857e-08	1.16e-06	3.24286e-06
2	200	0.0102779	6.10329	1.65171e-05	3.42857e-07	3.91429e-07	1.91657e-05	3.42857e-08	1.15429e-06	3.1e-06
2	200	0.0100354	5.66038	1.64514e-05	3.42857e-07	3.71429e-07	1.91257e-05	0	1.15714e-06	2.94571e-06
2	200	0.010281	6.10329	1.654e-05	3.4e-07	4.02857e-07	1.91486e-05	4e-08	1.15714e-06	3.10286e-06
2	200	0.0102739	6.10329	1.65e-05	3.4e-07	4e-07	1.91543e-05	3.71429e-08	1.15429e-06	3.10286e-06
3	300	0.0107119	13.5447	1.70571e-05	3.65714e-07	8.2e-07	1.92229e-05	6.28571e-08	1.21429e-06	7e-06
3	300	0.0108266	15.9664	1.71171e-05	3.65714e-07	7.74286e-07	1.93343e-05	1.31429e-07	1.21143e-06	8.91714e-06
3	300	0.0107953	11.7647	1.70486e-05	3.65714e-07	7.51429e-07	1.93057e-05	1.2e-07	1.21143e-06	6.31143e-06
3	300	0.010754	10.9792	1.70629e-05	3.65714e-07	7.77143e-07	1.92971e-05	1.45714e-07	1.21714e-06	5.80286e-06
3	300	0.0107187	14.5299	1.70114e-05	3.65714e-07	8.51429e-07	1.91571e-05	4.28571e-08	1.21143e-06	7.74286e-06
3	300	0.0105573	10.9792	1.70886e-05	3.65714e-07	8.05714e-07	1.92743e-05	9.71429e-08	1.21429e-06	5.21429e-06
3	300	0.0107216	13.0435	1.71057e-05	3.65714e-07	8.45714e-07	1.92514e-05	8.85714e-08	1.21429e-06	6.98571e-06
3	300	0.010795	11.7647	1.70371e-05	3.65714e-07	7.85714e-07	1.928e-05	1.2e-07	1.21429e-06	6.28857e-06
3	300	0.0107463	10.9792	1.70657e-05	3.65714e-07	7.94286e-07	1.928e-05	1.42857e-07	1.21714e-06	5.73429e-06
3	300	0.0109617	12.5364	1.71257e-05	3.65714e-07	8.22857e-07	1.93257e-05	5.42857e-08	1.20286e-06	6.94286e-06
4	400	0.011923	22.179	1.70771e-05	3.62857e-07	1.08571e-06	1.88886e-05	1.05714e-07	1.22286e-06	1.36e-05
4	400	0.0120296	24.2424	1.702e-05	3.68571e-07	1.05714e-06	1.88686e-05	8.57143e-08	1.21429e-06	1.53543e-05
4	400	0.011963	24.5283	1.70171e-05	3.68571e-07	1.16857e-06	1.874e-05	6.57143e-08	1.21714e-06	1.58114e-05
4	400	0.0120728	23.3716	1.72e-05	3.68571e-07	1.16857e-06	1.89429e-05	8.57143e-08	1.22286e-06	1.50257e-05
4	400	0.0116025	22.3301	1.70571e-05	3.68571e-07	1.21714e-06	1.87314e-05	1.11429e-07	1.21429e-06	1.30029e-05
4	400	0.0118389	22.179	1.70114e-05	3.65714e-07	1.15714e-06	1.87343e-05	9.71429e-08	1.22e-06	1.43771e-05
4	400	0.0118481	22.4806	1.70286e-05	3.65714e-07	1.10571e-06	1.88229e-05	1.14286e-07	1.21429e-06	1.45771e-05
4	400	0.0119326	23.0769	1.70771e-05	3.65714e-07	1.10286e-06	1.88571e-05	4.28571e-08	1.22e-06	1.43514e-05
4	400	0.0116637	23.0769	1.70086e-05	3.65714e-07	1.05143e-06	1.88457e-05	9.71429e-08	1.21429e-06	1.38514e-05
4	400	0.0118832	22.7799	1.734e-05	3.68571e-07	1.36e-06	1.88571e-05	1.71429e-08	1.21714e-06	1.36086e-05
5	500	0.0134918	30.9392	1.74686e-05	3.68571e-07	1.45429e-06	1.88571e-05	1.71429e-07	1.23429e-06	2.38314e-05
5	500	0.0127507	30.6519	1.74286e-05	3.62857e-07	1.40571e-06	1.87971e-05	2.4e-07	1.22286e-06	2.15829e-05
5	500	0.012888	30.0699	1.74971e-05	3.62857e-07	1.57143e-06	1.86571e-05	1.48571e-07	1.22286e-06	2.20171e-05
5	500	0.0128287	29.972	1.73914e-05	3.68571e-07	1.50571e-06	1.86943e-05	1.62857e-07	1.23143e-06	2.172e-05
5	500	0.0129582	30.7479	1.77057e-05	3.71429e-07	1.53143e-06	1.9e-05	8.28571e-08	1.23714e-06	2.24343e-05
5	500	0.0129884	30.7479	1.75029e-05	3.68571e-07	1.36571e-06	1.89943e-05	2.54286e-07	1.22e-06	2.33029e-05
5	500	0.0129421	31.5068	1.77857e-05	3.68571e-07	1.71429e-06	1.89029e-05	1.71429e-07	1.24286e-06	2.32e-05
5	500	0.0132175	31.4129	1.77343e-05	3.68571e-07	1.54e-06	1.90457e-05	1.17143e-07	1.23714e-06	2.27457e-05
5	500	0.0131705	30.7479	1.772e-05	3.68571e-07	1.45429e-06	1.908e-05	1.54286e-07	1.23714e-06	2.31971e-05
5	500	0.0128192	30.5556	1.77971e-05	3.71429e-07	1.49714e-06	1.90943e-05	1.85714e-07	1.22e-06	2.13857e-05
6	600	0.0140341	35.1351	1.82686e-05	3.62857e-07	1.79714e-06	1.92057e-05	1.82857e-07	1.22857e-06	2.88143e-05
6	600	0.0139381	36.5079	1.82571e-05	3.54286e-07	1.82286e-06	1.91171e-05	2.05714e-07	1.21429e-06	3.13971e-05
6	600	0.0141959	38.335	1.81629e-05	3.6e-07	1.63143e-06	1.92714e-05	1.51429e-07	1.21714e-06	3.36743e-05
6	600	0.0141962	37.5	1.824e-05	3.62857e-07	1.74286e-06	1.924e-05	2.31429e-07	1.22571e-06	3.18314e-05
6	600	0.0144128	36.238	1.82886e-05	3.62857e-07	1.86e-06	1.91771e-05	1.94286e-07	1.23143e-06	3.18429e-05
6	600	0.0143072	37.8238	1.83171e-05	3.62857e-07	1.92857e-06	1.91114e-05	1.57143e-07	1.23429e-06	3.49886e-05
6	600	0.0143827	35.9658	1.83429e-05	3.65714e-07	2.01714e-06	1.90629e-05	1.57143e-07	1.23429e-06	2.98229e-05
6	600	0.0146374	37.6299	1.83686e-05	3.62857e-07	1.83429e-06	1.92629e-05	1.97143e-07	1.20571e-06	3.40429e-05
6	600	0.0139807	36.3057	1.82429e-05	3.6e-07	1.67714e-06	1.93057e-05	2.48571e-07	1.22571e-06	3.146e-05
6	600	0.0139945	37.8238	1.82829e-05	3.62857e-07	1.82857e-06	1.916e-05	1.45714e-07	1.22286e-06	3.17771e-05
7	700	0.0147082	38.326	1.88486e-05	3.48571e-07	2.57143e-06	1.884e-05	2.45714e-07	1.20286e-06	3.39257e-05
7	700	0.0162586	43.0431	1.85571e-05	3.54286e-07	2.03429e-06	1.91914e-05	2.34286e-07	1.20571e-06	4.34657e-05
7	700	0.0163927	42.623	1.86571e-05	3.54286e-07	2.30571e-06	1.89743e-05	2.48571e-07	1.21429e-06	4.46171e-05
7	700	0.0158864	42.7169	1.814e-05	3.48571e-07	1.93429e-06	1.88371e-05	2.25714e-07	1.19143e-06	4.30771e-05
7	700	0.0162192	41.7637	1.86314e-05	3.6e-07	2.23714e-06	1.90057e-05	1.57143e-07	1.20571e-06	4.12829e-05
7	700	0.015613	41.7637	1.85371e-05	3.48571e-07	2.23714e-06	1.888e-05	2.42857e-07	1.19429e-06	3.95857e-05
7	700	0.0165829	42.623	1.80943e-05	3.51429e-07	1.90571e-06	1.88629e-05	2.28571e-07	1.20286e-06	4.27571e-05
7	700	0.0158625	42.9967	1.88971e-05	3.6e-07	2.20857e-06	1.93029e-05	2.28571e-07	1.22571e-06	4.46143e-05
7	700	0.0162143	42.053	1.85771e-05	3.42857e-07	2.20857e-06	1.89629e-05	1.91429e-07	1.2e-06	4.07e-05
7	700	0.0161293	42.7169	1.872e-05	3.57143e-07	2.36571e-06	1.89543e-05	2.2e-07	1.21429e-06	4.37914e-05
8	800	0.0179233	46.2004	1.90429e-05	3.42857e-07	2.48857e-06	1.91086e-05	2.65714e-07	1.19714e-06	5.26829e-05
8	800	0.0180144	48.4868	1.88971e-05	3.48571e-07	2.28571e-06	1.91943e-05	2.82857e-07	1.20857e-06	5.74257e-05
8	800	0.0170888	46.8792	1.896e-05	3.54286e-07	2.76e-06	1.87171e-05	2.94286e-07	1.19429e-06	5.28914e-05
8	800	0.0182819	47.1598	1.92343e-05	3.54286e-07	2.71143e-06	1.90486e-05	2.42857e-07	1.22e-06	5.55343e-05
8	800	0.0171944	46.3447	1.87943e-05	3.4e-07	2.49429e-06	1.88229e-05	1.94286e-07	1.19714e-06	5.13143e-05
8	800	0.0179945	46.3447	1.90829e-05	3.51429e-07	2.64857e-06	1.89171e-05	2.25714e-07	1.22571e-06	5.22343e-05
8	800	0.0176107	46.5955	1.85543e-05	3.42857e-07	2.26857e-06	1.88029e-05	2.34286e-07	1.2e-06	5.17943e-05
8	800	0.0175398	47.5066	1.86114e-05	3.51429e-07	2.52e-06	1.86e-05	2.68571e-07	1.22571e-06	5.33829e-05
8	800	0.0166498	47.1249	1.89943e-05	3.48571e-07	2.8e-06	1.86429e-05	2.71429e-07	1.20857e-06	5.16543e-05
8	800	0.018401	46.5955	1.88971e-05	3.48571e-07	2.69429e-06	1.87143e-05	1e-07	1.20857e-06	5.31429e-05
9	900	0.0185572	50.9002	1.93743e-05	3.48571e-07	3.09429e-06	1.86486e-05	2.17143e-07	1.20571e-06	6.49143e-05
9	900	0.0194395	50.4405	1.90343e-05	3.51429e-07	2.87714e-06	1.85829e-05	3e-07	1.21714e-06	6.27486e-05
9	900	0.0193675	52.0256	1.91057e-05	3.51429e-07	2.94e-06	1.86e-05	2.28571e-07	1.22e-06	6.68971e-05
9	900	0.0189594	50.8734	1.90429e-05	3.54286e-07	3.15714e-06	1.82229e-05	3.34286e-07	1.22e-06	6.50771e-05
9	900	0.0196903	51.4563	1.92971e-05	3.51429e-07	2.93714e-06	1.87857e-05	2.54286e-07	1.2e-06	6.66429e-05
9	900	0.0189216	52.0767	1.90629e-05	3.51429e-07	2.82571e-06	1.862e-05	3.51429e-07	1.20857e-06	6.81371e-05
9	900	0.0206663	51.325	1.93e-05	3.51429e-07	2.86857e-06	1.88657e-05	2.77143e-07	1.21143e-06	6.89171e-05
9	900	0.0190758	50.3037	1.94314e-05	3.48571e-07	3.06571e-06	1.87486e-05	2.51429e-07	1.21429e-06	6.26714e-05
9	900	0.0216613	50.5766	1.92143e-05	3.57143e-07	2.73429e-06	1.89686e-05	2.68571e-07	1.22571e-06	6.59029e-05
9	900	0.0188555	51.2987	1.91343e-05	3.4e-07	2.79714e-06	1.87486e-05	1.91429e-07	1.20286e-06	6.69514e-05
10	1000	0.0209031	56.1404	1.99771e-05	3.4e-07	3.70571e-06	1.85286e-05	2.8e-07	1.21143e-06	8.26143e-05
10	1000	0.0207438	53.4451	1.92543e-05	3.42857e-07	3.31143e-06	1.82286e-05	3.85714e-07	1.20571e-06	7.41257e-05
10	1000	0.0210084	53.2492	1.96486e-05	3.34286e-07	3.32286e-06	1.86314e-05	3.62857e-07	1.19714e-06	7.71971e-05
10	1000	0.0217606	52.9633	1.984e-05	3.37143e-07	3.28857e-06	1.88571e-05	2.71429e-07	1.20286e-06	7.32571e-05
10	1000	0.0207995	53.7679	1.99029e-05	3.37143e-07	3.62857e-06	1.85143e-05	3.91429e-07	1.22e-06	7.73114e-05
10	1000	0.0213127	53.2492	1.97286e-05	3.4e-07	3.34571e-06	1.87057e-05	4.25714e-07	1.22286e-06	7.59143e-05
10	1000	0.0228256	54.8125	1.98571e-05	3.4e-07	3.02857e-06	1.92143e-05	2.25714e-07	1.20857e-06	8.03486e-05
10	1000	0.0203598	54.317	1.96971e-05	3.4e-07	3.55714e-06	1.844e-05	2.91429e-07	1.21714e-06	7.57857e-05
10	1000	0.021155	55.4566	1.95029e-05	3.4e-07	3.31714e-06	1.84914e-05	3.82857e-07	1.19429e-06	8.25257e-05
10	1000	0.0205106	52.176	1.98571e-05	3.4e-07	3.52571e-06	1.85571e-05	2.51429e-07	1.2e-06	7.24857e-05
11	1100	0.0244344	57.4303	2.048e-05	3.37143e-07	4.04286e-06	1.85771e-05	3.37143e-07	1.21714e-06	9.54971e-05
11	1100	0.0235736	59.0926	2.06429e-05	3.42857e-07	4.1e-06	1.86514e-05	3.94286e-07	1.23714e-06	0.000103154
11	1100	0.0238635	58.6622	2.01829e-05	3.4e-07	3.69143e-06	1.86543e-05	3.02857e-07	1.22571e-06	9.78971e-05
11	1100	0.0226385	56.4356	2.074e-05	3.34286e-07	3.91429e-06	1.89371e-05	3.71429e-07	1.21143e-06	8.84486e-05
11	1100	0.0224704	55.5914	1.98257e-05	3.34286e-07	3.65714e-06	1.83114e-05	3.42857e-07	1.16857e-06	8.60114e-05
11	1100	0.0234791	56.1753	2.05286e-05	3.4e-07	4.12571e-06	1.85086e-05	3.45714e-07	1.22e-06	9.22143e-05
11	1100	0.0246691	56.3319	2.04829e-05	3.37143e-07	3.79429e-06	1.89029e-05	3.8e-07	1.21714e-06	9.01943e-05
11	1100	0.0255902	57.7735	2.04457e-05	3.34286e-07	3.88857e-06	1.87171e-05	4.05714e-07	1.19429e-06	9.92114e-05
11	1100	0.0233393	55.9295	2.04429e-05	3.4e-07	3.74857e-06	1.89057e-05	3.88571e-07	1.21714e-06	8.62086e-05
11	1100	0.0230245	55.1387	2.02029e-05	3.34286e-07	3.8e-06	1.85457e-05	3.2e-07	1.16857e-06	8.416e-05
12	1200	0.0267439	59.6231	2.23114e-05	3.45714e-07	5.16286e-06	1.89914e-05	4.8e-07	1.26e-06	0.000113623
12	1200	0.0262407	59.7451	2.158e-05	3.51429e-07	4.29143e-06	1.92e-05	4.17143e-07	1.26286e-06	0.000113246
12	1200	0.0270617	59.1698	2.21514e-05	3.42857e-07	4.72857e-06	1.93029e-05	3.6e-07	1.24857e-06	0.000113969
12	1200	0.027605	60.396	2.21229e-05	3.51429e-07	4.26286e-06	1.97829e-05	3.88571e-07	1.26857e-06	0.000118729
12	1200	0.02679	59.2114	2.15743e-05	3.48571e-07	4.66571e-06	1.87886e-05	3.42857e-07	1.27143e-06	0.00010974
12	1200	0.027553	60.3175	2.19086e-05	3.51429e-07	4.60857e-06	1.92286e-05	4.4e-07	1.26e-06	0.000115609
12	1200	0.0267726	59.7586	2.19771e-05	3.37143e-07	4.26857e-06	1.96771e-05	3e-07	1.23429e-06	0.000116371
12	1200	0.0258672	57.7316	2.148e-05	3.42857e-07	4.37143e-06	1.90314e-05	4.11429e-07	1.23714e-06	0.000102317
12	1200	0.0277086	59.8796	2.24e-05	3.45714e-07	4.84286e-06	1.93543e-05	4.51429e-07	1.24857e-06	0.000117366
12	1200	0.0283829	59.596	2.20571e-05	3.48571e-07	4.39714e-06	1.962e-05	5.51429e-07	1.26571e-06	0.000112174
