N_THREADS	N_TRANSACTIONS	TIME	N_ABORTS	PROCESS_READ_TIME	PROCESS_WRITE_TIME	PROCESS_VALIDATION_TIME	PROCESS_OTHER_TIME	COMMIT_VALIDATION_TIME	COMMIT_OTHER_TIME	WASTED_TIME
1	100	0.0155035	0	4.57029e-05	1.31429e-07	0	3.44857e-05	0	2.92571e-06	1.03714e-06	0.08
1	100	0.0155013	0	4.56686e-05	1.31429e-07	0	3.452e-05	0	2.90857e-06	1.03714e-06	0.06
1	100	0.0155017	0	4.56571e-05	1.34286e-07	0	3.45486e-05	0	2.90857e-06	1.02857e-06	0.06
1	100	0.0155011	0	4.57029e-05	1.34286e-07	0	3.45086e-05	0	2.90286e-06	1.04e-06	0.06
1	100	0.0155074	0	4.56257e-05	1.34286e-07	0	3.45857e-05	0	2.92286e-06	1.02857e-06	0.06
1	100	0.0155063	0	4.56714e-05	1.31429e-07	0	3.45686e-05	0	2.91429e-06	1.02857e-06	0.06
1	100	0.0155059	0	4.56429e-05	1.31429e-07	0	3.45857e-05	0	2.90571e-06	1.04e-06	0.06
1	100	0.0155039	0	4.55971e-05	1.31429e-07	0	3.46114e-05	0	2.90857e-06	1.04e-06	0.06
1	100	0.0155057	0	4.56571e-05	1.37143e-07	0	3.45457e-05	0	2.92286e-06	1.02286e-06	0.06
1	100	0.0155018	0	4.56514e-05	1.34286e-07	0	3.456e-05	0	2.89143e-06	1.05143e-06	0.06
2	200	0.0172237	0	5.34686e-05	2.11429e-07	1.94286e-07	3.856e-05	0	3.12857e-06	1.04e-06	0.08
2	200	0.0172252	0	5.34343e-05	2.11429e-07	2.02857e-07	3.86114e-05	0	3.13143e-06	1.02857e-06	0.06
2	200	0.0172405	0	5.35657e-05	2.11429e-07	2.11429e-07	3.862e-05	0	3.12571e-06	1.02286e-06	0.06
2	200	0.0172315	0	5.35343e-05	2.11429e-07	2.25714e-07	3.85914e-05	0	3.11714e-06	1.03714e-06	0.06
2	200	0.0172283	0	5.34686e-05	2.11429e-07	2.08571e-07	3.85686e-05	0	3.1e-06	1.05714e-06	0.06
2	200	0.0172361	0	5.34743e-05	2.17143e-07	1.97143e-07	3.85886e-05	0	3.13714e-06	1.02e-06	0.06
2	200	0.0172324	0	5.34629e-05	2.08571e-07	1.97143e-07	3.86714e-05	0	3.12857e-06	1.04286e-06	0.06
2	200	0.0172433	0	5.35314e-05	2.08571e-07	1.94286e-07	3.864e-05	0	3.12571e-06	1.06286e-06	0.06
2	200	0.0172439	0	5.35571e-05	2.14286e-07	2.11429e-07	3.86371e-05	0	3.12571e-06	1.03143e-06	0.06
2	200	0.0172395	0	5.35114e-05	2.08571e-07	2.08571e-07	3.86486e-05	0	3.12571e-06	1.03143e-06	0.06
3	300	0.0183311	0.332226	5.882e-05	2.57143e-07	4.94286e-07	4.12257e-05	0	3.41429e-06	1.70857e-06	0.09
3	300	0.0183811	0.990099	5.93371e-05	2.48571e-07	4.14286e-07	4.14857e-05	0	3.43429e-06	2.38571e-06	0.06
3	300	0.0182676	0.332226	5.86857e-05	2.57143e-07	4.74286e-07	4.11314e-05	0	3.39429e-06	1.63429e-06	0.06
3	300	0.0183385	0.332226	5.88457e-05	2.6e-07	5.02857e-07	4.12457e-05	0	3.40857e-06	1.70286e-06	0.06
3	300	0.0183227	0.332226	5.87657e-05	2.54286e-07	5.08571e-07	4.11914e-05	0	3.41143e-06	1.74e-06	0.06
3	300	0.0185724	1.63934	5.91543e-05	2.57143e-07	4.8e-07	4.13971e-05	0	3.39143e-06	3.15143e-06	0.06
3	300	0.0185753	1.63934	5.91229e-05	2.57143e-07	4.8e-07	4.138e-05	0	3.37714e-06	3.20857e-06	0.06
3	300	0.018553	0.990099	5.886e-05	2.6e-07	5.02857e-07	4.12543e-05	0	3.41429e-06	2.48286e-06	0.06
3	300	0.0183381	0.332226	5.88886e-05	2.62857e-07	5e-07	4.12657e-05	0	3.40857e-06	1.71429e-06	0.06
3	300	0.0183848	0.990099	5.882e-05	2.51429e-07	6.42857e-07	4.10514e-05	0	3.4e-06	2.50286e-06	0.06
4	400	0.0202173	3.38164	6.57314e-05	3.65714e-07	1.03143e-06	4.43086e-05	0	3.88e-06	5.2e-06	0.08
4	400	0.0202245	3.38164	6.58714e-05	3.62857e-07	9.85714e-07	4.43143e-05	0	3.90857e-06	5.19714e-06	0.07
4	400	0.0203228	2.91262	6.58143e-05	3.51429e-07	8.05714e-07	4.44343e-05	0	3.89429e-06	4.84571e-06	0.06
4	400	0.0199219	3.1477	6.59143e-05	3.57143e-07	8.88571e-07	4.43657e-05	0	3.9e-06	4.29143e-06	0.07
4	400	0.020184	2.91262	6.57429e-05	3.6e-07	8.45714e-07	4.44457e-05	0	3.86e-06	4.71714e-06	0.07
4	400	0.0201755	2.91262	6.57943e-05	3.51429e-07	8.25714e-07	4.44029e-05	0	3.88286e-06	4.65429e-06	0.06
4	400	0.0201839	3.1477	6.57314e-05	3.51429e-07	9.88571e-07	4.42286e-05	0	3.86857e-06	5.13143e-06	0.06
4	400	0.0201893	2.91262	6.598e-05	3.54286e-07	8.2e-07	4.44886e-05	0	3.87429e-06	4.67429e-06	0.07
4	400	0.0199761	2.6764	6.62771e-05	3.6e-07	1.06857e-06	4.43429e-05	0	3.86857e-06	3.86571e-06	0.07
4	400	0.020338	3.84615	6.62229e-05	3.65714e-07	1e-06	4.43314e-05	0	3.88857e-06	5.79714e-06	0.06
5	500	0.0227202	5.48204	7.75486e-05	4.34286e-07	1.48e-06	4.95143e-05	0	4.56e-06	1.05429e-05	0.09
5	500	0.0228636	5.83804	7.70543e-05	4.34286e-07	1.58286e-06	4.918e-05	0	4.57429e-06	1.078e-05	0.07
5	500	0.0225845	4.58015	7.67943e-05	4.31429e-07	1.81714e-06	4.87857e-05	0	4.56571e-06	8.92857e-06	0.07
5	500	0.0226711	5.83804	7.68657e-05	4.22857e-07	1.5e-06	4.92514e-05	0	4.59143e-06	1.21457e-05	0.07
5	500	0.0225734	5.66038	7.72914e-05	4.45714e-07	1.60571e-06	4.924e-05	0	4.57143e-06	1.09971e-05	0.07
5	500	0.0227479	5.48204	7.66143e-05	4.51429e-07	1.98571e-06	4.86e-05	0	4.55143e-06	1.07371e-05	0.07
5	500	0.0227753	6.19137	7.70143e-05	4.28571e-07	1.45429e-06	4.93086e-05	0	4.62571e-06	1.23943e-05	0.07
5	500	0.0225882	5.48204	7.71743e-05	4.34286e-07	1.64571e-06	4.92514e-05	0	4.60857e-06	9.99714e-06	0.07
5	500	0.0228887	6.19137	7.68771e-05	4.45714e-07	1.43429e-06	4.93943e-05	0	4.60857e-06	1.23629e-05	0.07
5	500	0.0228201	6.19137	7.698e-05	4.31429e-07	1.44857e-06	4.92857e-05	0	4.59429e-06	1.21057e-05	0.07
6	600	0.0267402	8.11639	9.44714e-05	5.34286e-07	1.9e-06	5.74943e-05	0	5.47429e-06	1.856e-05	0.10
6	600	0.0257171	6.10329	9.28657e-05	5.02857e-07	2.40857e-06	5.64143e-05	7.14286e-08	5.50857e-06	1.276e-05	0.07
6	600	0.0265113	8.11639	9.47686e-05	5.4e-07	2.34e-06	5.73257e-05	0	5.48857e-06	1.95086e-05	0.07
6	600	0.0265063	7.12074	9.32943e-05	5.4e-07	2.65714e-06	5.63971e-05	7.71429e-08	5.56e-06	1.53914e-05	0.07
6	600	0.0264773	6.97674	9.43771e-05	5.51429e-07	2.82286e-06	5.66657e-05	4e-08	5.59143e-06	1.51743e-05	0.07
6	600	0.0265231	7.97546	9.43257e-05	5.42857e-07	2.24286e-06	5.74314e-05	2.28571e-08	5.57143e-06	1.976e-05	0.07
6	600	0.0262295	7.12074	9.32629e-05	5.51429e-07	2.17714e-06	5.68114e-05	1e-07	5.50857e-06	1.66057e-05	0.07
6	600	0.025661	6.25	9.44257e-05	5.4e-07	2.36286e-06	5.72743e-05	0	5.53429e-06	1.42571e-05	0.07
6	600	0.0269766	8.53659	9.49543e-05	5.31429e-07	2.21143e-06	5.764e-05	2.28571e-08	5.58571e-06	2.046e-05	0.07
6	600	0.0262019	6.39626	9.31314e-05	5.37143e-07	2.63714e-06	5.622e-05	6.28571e-08	5.47714e-06	1.438e-05	0.07
7	700	0.0314485	9.67742	0.000117949	6.48571e-07	3.37143e-06	6.784e-05	0	6.66571e-06	2.59486e-05	0.10
7	700	0.0317943	10.4859	0.000119186	6.51429e-07	3.12286e-06	6.886e-05	0	6.72857e-06	3.15029e-05	0.08
7	700	0.0310759	8.37696	0.00011756	6.62857e-07	3.51143e-06	6.77571e-05	5.14286e-08	6.67429e-06	2.44657e-05	0.08
7	700	0.0311934	8.49673	0.00011806	6.2e-07	3.40571e-06	6.79e-05	4.85714e-08	6.64571e-06	2.37286e-05	0.07
7	700	0.0314064	9.44373	0.000118126	6.31429e-07	3.12857e-06	6.84e-05	1.17143e-07	6.59143e-06	2.77629e-05	0.08
7	700	0.0307497	8.13648	0.000117983	6.4e-07	2.9e-06	6.85314e-05	8.85714e-08	6.66e-06	2.20229e-05	0.08
7	700	0.0319987	9.09091	0.000117969	6.42857e-07	3.63429e-06	6.78771e-05	2.57143e-08	6.68e-06	2.626e-05	0.08
7	700	0.0314372	10.828	0.000118611	6.68571e-07	2.84857e-06	6.89543e-05	6.57143e-08	6.73143e-06	3.16486e-05	0.08
7	700	0.0314096	8.85417	0.000116723	6.14286e-07	3.17143e-06	6.77714e-05	1.14286e-08	6.63714e-06	2.59286e-05	0.08
7	700	0.0321427	9.90991	0.000118351	6.6e-07	3.25429e-06	6.81629e-05	2.28571e-08	6.68571e-06	3.05686e-05	0.08
8	800	0.0376043	11.6998	0.000142937	7.14286e-07	4.01429e-06	7.98057e-05	2e-08	7.83143e-06	4.11571e-05	0.10
8	800	0.0369133	11.3082	0.000142846	7.08571e-07	4.31143e-06	7.942e-05	7.42857e-08	7.89143e-06	3.77029e-05	0.08
8	800	0.037606	12.6638	0.000142677	7.28571e-07	3.57429e-06	7.99429e-05	3.71429e-08	7.83143e-06	4.156e-05	0.08
8	800	0.0376993	12.4726	0.000141509	7.2e-07	4.10571e-06	7.90257e-05	1.22857e-07	7.76857e-06	4.12657e-05	0.08
8	800	0.0370083	12.6638	0.000141014	7e-07	4.32e-06	7.844e-05	2.85714e-08	7.74e-06	4.00086e-05	0.08
8	800	0.0375529	11.5044	0.000141134	7.25714e-07	4.24e-06	7.87571e-05	2.85714e-08	7.75143e-06	4.13771e-05	0.08
8	800	0.0376242	12.5683	0.000144329	7.22857e-07	3.86857e-06	8.07086e-05	4.57143e-08	7.92286e-06	4.20286e-05	0.08
8	800	0.0374283	12.2807	0.000143143	7.31429e-07	4.22857e-06	7.96543e-05	2e-08	7.87429e-06	3.992e-05	0.08
8	800	0.0380806	12.3768	0.000143783	7.31429e-07	4.02571e-06	8.02314e-05	2.57143e-08	7.84571e-06	4.44314e-05	0.08
8	800	0.03842	12.5683	0.000141763	7.2e-07	4.14857e-06	7.91143e-05	3.42857e-08	7.79143e-06	4.352e-05	0.08
9	900	0.0452527	14.3673	0.00016776	8.28571e-07	6.15714e-06	9.01657e-05	4e-08	9.13429e-06	5.99029e-05	0.11
9	900	0.0434327	12.9594	0.000164931	7.91429e-07	5.22e-06	8.93571e-05	0	8.97714e-06	5.28086e-05	0.09
9	900	0.0445191	13.1274	0.00016624	8.02857e-07	5.80286e-06	8.97029e-05	0	9.15429e-06	5.45971e-05	0.09
9	900	0.0441066	14.3673	0.000166666	8.25714e-07	5.34e-06	9.01486e-05	1.88571e-07	9.12857e-06	5.56429e-05	0.09
9	900	0.0441893	14.204	0.000167097	8.14286e-07	5.45714e-06	9.03429e-05	5.42857e-08	9.04571e-06	5.90886e-05	0.09
9	900	0.0435709	13.7931	0.000168911	8.22857e-07	5.67429e-06	9.10343e-05	8.85714e-08	9.1e-06	5.61086e-05	0.09
9	900	0.0437615	12.8751	0.00016748	8.11429e-07	5.37714e-06	9.06229e-05	4.28571e-08	9.07429e-06	5.29343e-05	0.09
9	900	0.0450389	13.7105	0.00016476	8.42857e-07	5.39143e-06	8.93829e-05	9.14286e-08	9.03429e-06	5.816e-05	0.10
9	900	0.0433092	12.5364	0.000169689	8.4e-07	6.09143e-06	9.072e-05	7.71429e-08	9.15143e-06	5.07829e-05	0.09
9	900	0.0429957	12.4514	0.0001692	8.4e-07	5.99714e-06	9.082e-05	3.71429e-08	9.21143e-06	5.13171e-05	0.09
10	1000	0.0503928	15.5405	0.000196763	9.54286e-07	7.4e-06	0.000103051	9.14286e-08	1.05714e-05	7.52486e-05	0.12
10	1000	0.0504074	16.7361	0.000195826	9.25714e-07	7.12286e-06	0.000102814	7.14286e-08	1.046e-05	7.69714e-05	0.09
10	1000	0.0503585	15.3976	0.000194103	9.11429e-07	6.90286e-06	0.000102183	5.71429e-08	1.02771e-05	7.25914e-05	0.10
10	1000	0.0524841	18.897	0.000190271	9.02857e-07	5.28286e-06	0.000101837	8.28571e-08	1.03143e-05	9.36686e-05	0.10
10	1000	0.0492704	15.2542	0.000193549	9.05714e-07	6.88e-06	0.000101729	7.14286e-08	1.04543e-05	6.70114e-05	0.10
10	1000	0.0520842	16.2479	0.000197363	9.08571e-07	6.29429e-06	0.000104306	4.85714e-08	1.04571e-05	7.81343e-05	0.10
10	1000	0.05034	15.326	0.000197506	9.11429e-07	7.67429e-06	0.000102971	8.57143e-08	1.05029e-05	7.19257e-05	0.10
10	1000	0.0507316	15.754	0.000195929	9.14286e-07	7.32857e-06	0.000102694	1.42857e-08	1.04714e-05	7.96086e-05	0.09
10	1000	0.0510773	16.7361	0.000193994	9.02857e-07	4.98857e-06	0.000103991	7.42857e-08	1.03029e-05	8.24971e-05	0.10
10	1000	0.0522695	17.0124	0.000194231	9.31429e-07	6.46e-06	0.000102697	6.28571e-08	1.03514e-05	8.17286e-05	0.09
11	1100	0.058644	18.0938	0.000221606	1.03714e-06	8.67429e-06	0.000114289	1.57143e-07	1.17514e-05	0.000101797	0.13
11	1100	0.0585313	18.5185	0.000223586	1.06857e-06	7.86571e-06	0.000116137	1.54286e-07	1.17686e-05	0.000105851	0.10
11	1100	0.0583144	18.3976	0.000223251	1.05714e-06	9.08571e-06	0.000114734	1.11429e-07	1.18486e-05	0.000103531	0.10
11	1100	0.0558951	14.9923	0.000221483	1.04286e-06	9.29429e-06	0.000113289	1.82857e-07	1.16743e-05	8.38371e-05	0.10
11	1100	0.0593371	18.7592	0.000221577	1.04286e-06	8.64857e-06	0.000114203	4.57143e-08	1.16457e-05	0.00010732	0.10
11	1100	0.0586242	18.337	0.000223574	1.04857e-06	9.26857e-06	0.000114226	1.34286e-07	1.16857e-05	0.000101643	0.10
11	1100	0.0575091	17.231	0.000222623	1.06571e-06	8.47429e-06	0.000114726	7.71429e-08	1.18086e-05	9.19257e-05	0.10
11	1100	0.0586928	17.603	0.000223211	1.07143e-06	8.81714e-06	0.00011476	1.11429e-07	1.18314e-05	0.000100886	0.11
11	1100	0.0588325	18.6992	0.000221469	1.06286e-06	8.47143e-06	0.000114534	1.97143e-07	1.19057e-05	0.000111114	0.10
11	1100	0.057893	16.3498	0.000218351	1.05714e-06	8.87714e-06	0.000112391	1.42857e-07	1.15829e-05	9.16743e-05	0.10
12	1200	0.0686683	21.0007	0.000249931	1.16286e-06	1.052e-05	0.000126011	2e-08	1.29629e-05	0.000135731	0.15
12	1200	0.0679228	20.5824	0.000250226	1.18e-06	9.96e-06	0.000126854	2.65714e-07	1.30086e-05	0.000136954	0.11
12	1200	0.0657878	19.2463	0.000246946	1.14e-06	1.01857e-05	0.000124743	1.25714e-07	1.28114e-05	0.000119909	0.11
12	1200	0.0674777	20.8965	0.00025286	1.18286e-06	1.00086e-05	0.000128194	1.02857e-07	1.31114e-05	0.00013456	0.12
12	1200	0.0675492	20.1065	0.000250874	1.18e-06	1.11686e-05	0.000125829	4.28571e-08	1.30686e-05	0.000137977	0.11
12	1200	0.0676852	21.6199	0.000248317	1.13714e-06	1.01057e-05	0.000125831	1.6e-07	1.28571e-05	0.000138603	0.10
12	1200	0.0677799	20.6874	0.000250817	1.14571e-06	1.07914e-05	0.000126211	1.08571e-07	1.29429e-05	0.00013756	0.11
12	1200	0.0672943	18.7542	0.000252169	1.17429e-06	1.24543e-05	0.000125246	2.31429e-07	1.30114e-05	0.000121763	0.11
12	1200	0.0662669	20.4771	0.000248666	1.18e-06	1.19257e-05	0.000124006	7.71429e-08	1.29086e-05	0.000125131	0.11
12	1200	0.0667781	19.5171	0.00025368	1.19714e-06	1.07371e-05	0.000127269	1.45714e-07	1.31057e-05	0.000129954	0.11
