N_THREADS	N_TRANSACTIONS	TIME	N_ABORTS	PROCESS_READ_TIME	PROCESS_WRITE_TIME	PROCESS_VALIDATION_TIME	PROCESS_OTHER_TIME	COMMIT_VALIDATION_TIME	COMMIT_OTHER_TIME	WASTED_TIME
1	192	57.0584	0	0.00135718	0.00133387	0	0.0383579	6.77143e-07	0.000311157	2.48571e-06	57.34
1	192	57.0597	0	0.0013571	0.00133395	0	0.038365	6.82857e-07	0.000310997	2.49143e-06	57.30
1	192	57.0786	0	0.00135641	0.00133391	0	0.0384638	6.97143e-07	0.000311146	2.49143e-06	57.32
2	192	33.7763	4.47761	0.00142278	0.00140253	0	0.0505515	6.48971e-05	0.000328869	0.0402835	34.03
2	192	33.5761	4.47761	0.00142898	0.00140855	0	0.0505527	6.59143e-05	0.000328774	0.0381523	33.83
2	192	33.773	4.47761	0.00142282	0.00140243	0	0.050528	6.48743e-05	0.000328869	0.0402858	34.01
3	192	27.8246	10.6977	0.00152438	0.00150587	0	0.131297	8.54e-05	0.000361911	0.103701	28.14
3	192	27.8245	10.6977	0.00152416	0.00150554	0	0.131295	8.53829e-05	0.000362143	0.103696	28.09
3	192	27.8235	10.6977	0.00152406	0.00150541	0	0.131288	8.53571e-05	0.000362057	0.103694	28.08
4	192	24.7375	13.5135	0.00163899	0.00162206	0	0.0930625	9.75857e-05	0.000416594	0.129482	25.10
4	192	24.7352	13.5135	0.00163748	0.00162059	0	0.0929977	9.76086e-05	0.000416614	0.129529	25.04
4	192	24.7357	13.5135	0.00163757	0.00162076	0	0.0930419	9.72371e-05	0.00041536	0.129484	25.03
5	192	23.4059	17.2414	0.00184253	0.00183108	0	0.0716836	0.000117129	0.000495546	0.196149	23.81
5	192	23.411	17.2414	0.00184186	0.00182995	0	0.0716809	0.000117391	0.000495894	0.196146	23.77
5	192	23.4051	17.2414	0.00184276	0.00183068	0	0.071662	0.000117209	0.000495546	0.19615	23.76
6	192	25.6217	22.8916	0.00215797	0.00215355	0	0.064782	0.000137751	0.000604051	0.286123	26.06
6	192	25.6167	22.8916	0.00215621	0.00215058	0	0.064748	0.000137934	0.000603906	0.286109	26.01
6	192	25.6245	22.8916	0.00215926	0.00215386	0	0.0647824	0.000137983	0.000604154	0.286118	26.02
7	192	28.9013	28.3582	0.00249267	0.00249152	0	0.130489	0.000161489	0.000720686	0.282774	29.42
7	192	28.8996	28.3582	0.00249283	0.00248971	0	0.130469	0.000161603	0.00072072	0.282769	29.36
7	192	28.902	28.3582	0.00249399	0.00249073	0	0.1305	0.000161611	0.000720637	0.28276	29.36
8	192	27.9784	29.6703	0.00280966	0.00280949	0	0.203202	0.000179891	0.000828014	0.2893	28.54
8	192	28.8884	30.1818	0.00282123	0.0028223	0	0.266835	0.000181283	0.000831571	0.183056	29.39
8	192	28.8905	30.1818	0.00282167	0.00282135	0	0.266831	0.000181483	0.000832177	0.183047	29.39
9	192	30.0739	34.0206	0.00316763	0.00317187	0	0.268664	0.00020588	0.000950889	0.340963	30.69
9	192	30.075	34.0206	0.00316824	0.00317199	0	0.268664	0.000205694	0.000951077	0.340936	30.63
9	192	30.0737	34.0206	0.0031676	0.00317283	0	0.268628	0.000205994	0.000952106	0.340933	30.62
10	192	28.9721	34.0206	0.00345063	0.00345858	0	0.337592	0.00023246	0.00104632	0.188863	29.66
10	192	28.971	34.0206	0.00345034	0.00345732	0	0.337586	0.000232474	0.00104619	0.188878	29.57
10	192	28.9713	34.0206	0.00345067	0.00345881	0	0.33759	0.000232454	0.00104684	0.188878	29.57
11	192	29.3987	36.8421	0.00380823	0.00382063	0	0.341184	0.000257357	0.00117267	0.336019	30.13
11	192	29.3988	36.8421	0.00380647	0.00381913	0	0.341172	0.000257586	0.00117268	0.336011	30.06
11	192	29.3987	36.8421	0.00380661	0.00381962	0	0.341174	0.00025762	0.00117241	0.336018	30.07
api:W:2023-07-24|00:27:44: One or more DPUs are in fault, attach to them by running: 'dpu-lldb-attach-dpu x.x.x <program_path>'	0.78
api:W:2023-07-24|00:27:45: One or more DPUs are in fault, attach to them by running: 'dpu-lldb-attach-dpu x.x.x <program_path>'	0.70
api:W:2023-07-24|00:27:45: One or more DPUs are in fault, attach to them by running: 'dpu-lldb-attach-dpu x.x.x <program_path>'	0.70
