N_THREADS	N_TRANSACTIONS	TIME	N_ABORTS	PROCESS_READ_TIME	PROCESS_WRITE_TIME	PROCESS_VALIDATION_TIME	PROCESS_OTHER_TIME	COMMIT_VALIDATION_TIME	COMMIT_OTHER_TIME	WASTED_TIME
1	1000	0.902015	0	0.000153811	1.51086e-05	0	0.00071676	0	1.33686e-05	3.77143e-07	0.98
1	1000	0.902496	0	0.000154274	1.51143e-05	0	0.000716763	0	1.338e-05	3.77143e-07	0.96
1	1000	0.902515	0	0.000154294	1.51114e-05	0	0.000716769	0	1.33743e-05	3.77143e-07	0.96
1	1000	0.900764	0	0.00015246	1.51143e-05	0	0.000716863	0	1.336e-05	3.77143e-07	0.95
1	1000	0.901587	0	0.000153386	1.51171e-05	0	0.000716763	0	1.33571e-05	3.77143e-07	0.96
1	1000	0.902669	0	0.000154403	1.51086e-05	0	0.000716823	0	1.33714e-05	3.77143e-07	0.96
1	1000	0.902503	0	0.000154274	1.51143e-05	0	0.000716777	0	1.33743e-05	3.77143e-07	0.96
1	1000	0.902504	0	0.00015422	1.51143e-05	0	0.000716826	0	1.338e-05	3.77143e-07	0.96
1	1000	0.902504	0	0.000154214	1.51143e-05	0	0.000716829	0	1.33829e-05	3.77143e-07	0.96
1	1000	0.902862	0	0.000154569	1.51143e-05	0	0.00071684	0	1.33771e-05	3.77143e-07	0.96
2	2000	0.974967	1.08803	0.000155269	1.51086e-05	5.36886e-05	0.000663389	0	1.338e-05	7.74571e-06	1.05
2	2000	0.979879	1.52634	0.000155014	1.51143e-05	5.31e-05	0.000663937	0	1.338e-05	1.13543e-05	1.06
2	2000	0.970867	1.08803	0.000155751	1.512e-05	5.43229e-05	0.00066284	0	1.33829e-05	7.67429e-06	1.05
2	2000	0.969098	1.33202	0.000154789	1.51143e-05	5.41686e-05	0.000662909	0	1.33886e-05	9.63429e-06	1.05
2	2000	0.969171	1.03909	0.000155094	1.51143e-05	5.42629e-05	0.000662809	0	1.33857e-05	7.24857e-06	1.05
2	2000	0.969902	1.03909	0.000155071	1.51143e-05	5.41486e-05	0.000662889	0	1.33829e-05	7.33143e-06	1.05
2	2000	0.970342	0.842836	0.000155877	1.51114e-05	5.43029e-05	0.000662614	0	1.33743e-05	6.05143e-06	1.05
2	2000	0.970258	1.08803	0.000155097	1.51114e-05	5.44486e-05	0.000662606	0	1.33857e-05	7.70286e-06	1.05
2	2000	0.969222	0.94106	0.000155503	1.51171e-05	5.44686e-05	0.000662646	0	1.33714e-05	6.62571e-06	1.05
2	2000	0.972695	1.08803	0.000155226	1.51143e-05	5.41429e-05	0.000662937	0	1.33943e-05	7.74286e-06	1.05
3	3000	1.03973	2.66061	0.000156746	1.512e-05	0.000107777	0.000609554	4.57143e-08	1.33971e-05	2.09714e-05	1.12
3	3000	1.042	2.81827	0.000155829	1.51143e-05	0.000106989	0.000610237	4.57143e-08	1.33886e-05	2.22057e-05	1.13
3	3000	1.0361	2.37553	0.000155986	1.51143e-05	0.000108023	0.000609254	6.57143e-08	1.34e-05	1.88743e-05	1.12
3	3000	1.03426	2.34375	0.000155866	1.51143e-05	0.000108574	0.000608697	4.57143e-08	1.33971e-05	1.81657e-05	1.11
3	3000	1.03849	2.5974	0.000155943	1.51143e-05	0.000107623	0.000609669	4.57143e-08	1.34057e-05	2.05286e-05	1.12
3	3000	1.03438	2.5974	0.000156511	1.51114e-05	0.00010786	0.00060944	4.57143e-08	1.33971e-05	2.04543e-05	1.11
3	3000	1.03631	3.03814	0.000155946	1.51171e-05	0.000107094	0.000610171	4.57143e-08	1.34029e-05	2.41971e-05	1.12
3	3000	1.03626	2.31195	0.000155923	1.51171e-05	0.000107766	0.000609511	4.57143e-08	1.34029e-05	1.84371e-05	1.11
3	3000	1.03668	2.24829	0.000155954	1.51143e-05	0.000107786	0.000609491	4.57143e-08	1.33971e-05	1.76943e-05	1.12
3	3000	1.03805	2.69218	0.000155906	1.51143e-05	0.000107269	0.000609986	4.57143e-08	1.34029e-05	2.12571e-05	1.12
4	4000	1.10782	3.75361	0.00015722	1.51171e-05	0.000161817	0.000555574	1.02857e-07	1.33943e-05	3.20429e-05	1.19
4	4000	1.10732	4.05373	0.000157251	1.51171e-05	0.000160943	0.000556471	8.57143e-08	1.34e-05	3.53143e-05	1.19
4	4000	1.10689	3.73045	0.000157637	1.512e-05	0.000161891	0.000555523	8.85714e-08	1.33714e-05	3.164e-05	1.19
4	4000	1.11213	3.49819	0.000157209	1.512e-05	0.000161617	0.000555754	8.57143e-08	1.338e-05	2.98914e-05	1.19
4	4000	1.108	3.59123	0.00015786	1.51171e-05	0.000161949	0.000555366	1.22857e-07	1.33771e-05	3.09629e-05	1.20
4	4000	1.10746	3.68408	0.000157394	1.512e-05	0.000161649	0.000555714	8.57143e-08	1.33886e-05	3.08457e-05	1.19
4	4000	1.10647	4.05373	0.000157057	1.512e-05	0.000161497	0.000555877	8.85714e-08	1.33829e-05	3.41886e-05	1.19
4	4000	1.10324	3.70727	0.000157249	1.51171e-05	0.000162029	0.000555349	1.2e-07	1.33914e-05	3.15886e-05	1.19
4	4000	1.10281	3.59123	0.000157077	1.512e-05	0.000162	0.000555389	8.57143e-08	1.33829e-05	3.05171e-05	1.18
4	4000	1.10404	3.82303	0.000157271	1.512e-05	0.000161463	0.000555917	1.05714e-07	1.33829e-05	3.23257e-05	1.19
5	5000	1.17736	5.12334	0.00015806	1.51229e-05	0.0002167	0.000500897	1.31429e-07	1.33657e-05	4.63886e-05	1.26
5	5000	1.17312	4.7619	0.00015862	1.51257e-05	0.000218034	0.000499591	1.88571e-07	1.33771e-05	4.39886e-05	1.26
5	5000	1.17602	5.24919	0.000158643	1.51286e-05	0.000216683	0.000500994	2.02857e-07	1.336e-05	4.85914e-05	1.25
5	5000	1.17813	5.24919	0.000158649	1.51229e-05	0.000216343	0.000501357	1.42857e-07	1.33629e-05	4.82714e-05	1.26
5	5000	1.18049	5.44629	0.000158714	1.51229e-05	0.000215386	0.000502243	1.71429e-07	1.33829e-05	4.97514e-05	1.26
5	5000	1.18335	5.44629	0.000158674	1.51229e-05	0.000215694	0.000501994	1.57143e-07	1.33714e-05	5.01771e-05	1.26
5	5000	1.18343	5.15933	0.000158731	1.51286e-05	0.000215874	0.000501811	1.14286e-07	1.33714e-05	4.79e-05	1.27
5	5000	1.18268	5.21327	0.000158711	1.512e-05	0.000215874	0.000501731	1.6e-07	1.33771e-05	4.80343e-05	1.27
5	5000	1.1764	4.99715	0.000158674	1.51257e-05	0.000216746	0.000500923	1.74286e-07	1.33486e-05	4.60457e-05	1.26
5	5000	1.17668	4.90681	0.000158717	1.51257e-05	0.000216951	0.00050074	1.28571e-07	1.33771e-05	4.43943e-05	1.26
6	6000	1.26624	6.07389	0.000160297	1.51286e-05	0.000280369	0.000437589	4.74286e-07	1.32486e-05	5.89457e-05	1.35
6	6000	1.27189	6.80336	0.000160483	1.51314e-05	0.000277694	0.000440214	3.85714e-07	1.33229e-05	6.75e-05	1.36
6	6000	1.2626	6.58571	0.000160206	1.51314e-05	0.000279806	0.000438183	3.74286e-07	1.33229e-05	6.48171e-05	1.35
6	6000	1.26831	6.27929	0.000160503	1.51286e-05	0.000279514	0.00043848	2.85714e-07	1.33057e-05	6.20171e-05	1.35
6	6000	1.26388	6.19137	0.000160526	1.51343e-05	0.000279814	0.000438226	3.85714e-07	1.33086e-05	6.16686e-05	1.35
6	6000	1.2622	6.78888	0.000160123	1.51371e-05	0.000279569	0.000438434	3.91429e-07	1.33086e-05	6.72314e-05	1.35
6	6000	1.26618	6.73092	0.000160183	1.51314e-05	0.000279049	0.000438954	3.62857e-07	1.33057e-05	6.65457e-05	1.35
6	6000	1.27393	6.39626	0.000160469	1.51314e-05	0.000278463	0.00043954	3.62857e-07	1.33e-05	6.31857e-05	1.36
6	6000	1.26204	6.41086	0.000160229	1.51229e-05	0.000279791	0.00043816	2.8e-07	1.33343e-05	6.35229e-05	1.35
6	6000	1.25673	5.79369	0.000160514	1.51343e-05	0.00028238	0.000435617	2.94286e-07	1.33029e-05	5.68457e-05	1.34
7	7000	1.36636	7.57856	0.000163791	1.514e-05	0.000361603	0.000356909	4.22857e-07	1.33486e-05	8.06657e-05	1.45
7	7000	1.36744	7.84623	0.0001636	1.514e-05	0.000361126	0.0003573	3.82857e-07	1.33629e-05	8.39286e-05	1.45
7	7000	1.36612	7.52972	0.000163791	1.514e-05	0.000361857	0.00035672	4.6e-07	1.33886e-05	8.09114e-05	1.45
7	7000	1.38238	7.38291	0.000163771	1.514e-05	0.00036176	0.000356751	4.17143e-07	1.33486e-05	7.956e-05	1.47
7	7000	1.36667	7.38291	0.000163934	1.514e-05	0.00036296	0.000355609	3.05714e-07	1.338e-05	7.93029e-05	1.46
7	7000	1.36831	7.71259	0.000163811	1.514e-05	0.000360786	0.000357786	5.25714e-07	1.33114e-05	8.18686e-05	1.45
7	7000	1.37224	7.88262	0.000163709	1.514e-05	0.000360191	0.000358389	3.34286e-07	1.34171e-05	8.458e-05	1.46
7	7000	1.36739	7.48084	0.000163674	1.514e-05	0.000361674	0.000356897	4.02857e-07	1.33229e-05	7.968e-05	1.45
7	7000	1.36693	7.82196	0.000163863	1.514e-05	0.000360754	0.000357814	4.62857e-07	1.33343e-05	8.28086e-05	1.45
7	7000	1.36751	7.63953	0.00016392	1.514e-05	0.000361897	0.00035656	4.37143e-07	1.336e-05	8.19371e-05	1.45
8	8000	1.49892	8.83191	0.000169403	1.51543e-05	0.000465209	0.000253937	9.14286e-07	1.334e-05	0.000103351	1.58
8	8000	1.49906	8.88383	0.000169497	1.51486e-05	0.000463874	0.000255217	8.54286e-07	1.33286e-05	0.000104371	1.59
8	8000	1.49871	8.6758	0.000169571	1.51543e-05	0.000465994	0.000253237	7.94286e-07	1.324e-05	0.000101886	1.59
8	8000	1.49733	8.87345	0.000169414	1.51543e-05	0.000464009	0.000255186	1.14857e-06	1.31857e-05	0.00010508	1.58
8	8000	1.51274	8.98749	0.000169454	1.51543e-05	0.000462737	0.000256417	1.05143e-06	1.33143e-05	0.000106189	1.60
8	8000	1.50917	8.97713	0.000169383	1.51514e-05	0.000463131	0.000255971	1.04857e-06	1.32486e-05	0.000106326	1.60
8	8000	1.49694	8.82152	0.000169574	1.51543e-05	0.000464631	0.000254594	9.6e-07	1.32371e-05	0.000105754	1.59
8	8000	1.50527	9.09091	0.000169114	1.51543e-05	0.000462197	0.000256986	9.45714e-07	1.32029e-05	0.000108203	1.60
8	8000	1.50375	9.10124	0.000169303	1.51543e-05	0.000462654	0.00025654	1.03714e-06	1.32e-05	0.000107991	1.59
8	8000	1.5021	8.85268	0.000169394	1.51543e-05	0.000463686	0.00025546	1.03429e-06	1.32886e-05	0.000105737	1.59
9	9000	1.67528	10.7231	0.000177691	1.51714e-05	0.000585526	0.000134469	1.79143e-06	1.34829e-05	0.000141897	1.76
9	9000	1.67164	10.1796	0.000177963	1.51714e-05	0.00059022	0.000129669	1.47714e-06	1.34743e-05	0.000134466	1.77
9	9000	1.66788	10.5101	0.000177889	1.51714e-05	0.000588783	0.000130983	1.66857e-06	1.346e-05	0.00013986	1.77
9	9000	1.66717	10.4656	0.000177663	1.51714e-05	0.000588651	0.00013128	1.75429e-06	1.34657e-05	0.000136814	1.76
9	9000	1.66675	10.4745	0.000177906	1.51714e-05	0.000589134	0.000130731	1.75429e-06	1.35086e-05	0.0001382	1.75
9	9000	1.67189	10.6079	0.000177783	1.51714e-05	0.000586834	0.000133023	1.91714e-06	1.34571e-05	0.000138786	1.76
9	9000	1.67447	10.4388	0.000177783	1.51714e-05	0.000588143	0.00013176	1.77714e-06	1.34743e-05	0.000140226	1.76
9	9000	1.67402	10.4032	0.00017772	1.51714e-05	0.000587397	0.000132569	1.52e-06	1.35286e-05	0.000138063	1.77
9	9000	1.67045	10.3228	0.00017766	1.51714e-05	0.000588086	0.000131831	1.52286e-06	1.34629e-05	0.000136046	1.75
9	9000	1.67756	10.7497	0.000177674	1.51714e-05	0.000585831	0.000134177	1.75143e-06	1.342e-05	0.000143794	1.77
10	10000	1.86526	11.6374	0.000188337	1.51771e-05	0.000736711	-1.59171e-05	4.22e-06	1.35343e-05	0.000170357	1.95
10	10000	1.86539	11.5357	0.000188243	1.51771e-05	0.000734029	-1.32343e-05	4.15714e-06	1.35229e-05	0.00017206	1.96
10	10000	1.86489	11.7543	0.000188249	1.51829e-05	0.000734389	-1.35857e-05	4.38286e-06	1.36114e-05	0.000173649	1.96
10	10000	1.86819	11.9098	0.000187863	1.51886e-05	0.000727843	-7.05143e-06	4.11714e-06	1.35086e-05	0.00017702	1.96
10	10000	1.86859	11.8088	0.000187951	1.51857e-05	0.0007295	-8.71143e-06	3.83429e-06	1.35429e-05	0.000175823	1.97
10	10000	1.87715	12.0802	0.00018788	1.51829e-05	0.000728637	-7.88571e-06	3.75429e-06	1.35143e-05	0.000180354	1.97
10	10000	1.86232	11.5749	0.000188437	1.51914e-05	0.000737863	-1.69914e-05	4.2e-06	1.33629e-05	0.000171051	1.96
10	10000	1.86408	11.6842	0.000187974	1.51857e-05	0.000731306	-1.04771e-05	4.04e-06	1.34657e-05	0.000171969	1.95
10	10000	1.86371	11.4339	0.000188214	1.51743e-05	0.000733414	-1.26371e-05	4.15714e-06	1.33943e-05	0.00017016	1.96
10	10000	1.86467	11.4731	0.000188234	1.51771e-05	0.00073534	-1.45514e-05	4.27429e-06	1.354e-05	0.000169131	1.95
11	11000	2.09843	12.9678	0.00019984	1.52114e-05	0.000903854	-0.000182131	9.83429e-06	1.40314e-05	0.000216074	2.19
11	11000	2.09557	13.1533	0.000199917	1.52114e-05	0.000902854	-0.000181083	1.01857e-05	1.396e-05	0.000217711	2.19
11	11000	2.09194	12.7469	0.000200086	1.52114e-05	0.000906406	-0.000184534	8.41429e-06	1.41429e-05	0.000210943	2.18
11	11000	2.09756	13.1807	0.00019966	1.52114e-05	0.000898437	-0.000176631	9.62571e-06	1.37886e-05	0.00021878	2.20
11	11000	2.09547	13.2218	0.000199966	1.52114e-05	0.000903303	-0.000181583	9.22286e-06	1.37714e-05	0.000220717	2.19
11	11000	2.09754	13.3176	0.000199571	1.52114e-05	0.000899389	-0.000177617	9.45143e-06	1.39114e-05	0.000219731	2.18
11	11000	2.09725	13.3585	0.00019972	1.52114e-05	0.000898617	-0.000176951	9.63429e-06	1.39286e-05	0.000219651	2.19
11	11000	2.10463	13.167	0.000199683	1.52114e-05	0.000899606	-0.000177777	9.15429e-06	1.40114e-05	0.000219934	2.20
11	11000	2.10143	13.1122	0.000199797	1.52114e-05	0.000901517	-0.000179743	9.77429e-06	1.38971e-05	0.00021704	2.19
11	11000	2.10305	13.2492	0.000199766	1.52114e-05	0.000900857	-0.000179089	9.68571e-06	1.40829e-05	0.000222083	2.20
12	12000	2.41207	14.469	0.000215594	1.59343e-05	0.00109313	-0.000341194	2.15114e-05	1.43686e-05	0.0002761	2.50
12	12000	2.40821	14.5725	0.000215671	1.59371e-05	0.00109239	-0.000340351	2.13114e-05	1.448e-05	0.0002756	2.50
12	12000	2.42518	14.6394	0.000215766	1.59371e-05	0.00109445	-0.000342169	2.11971e-05	1.46371e-05	0.000277109	2.51
12	12000	2.40559	13.7807	0.00021624	1.59343e-05	0.00110497	-0.000353117	2.06486e-05	1.46857e-05	0.000259577	2.50
12	12000	2.41194	14.7364	0.000215743	1.594e-05	0.00109503	-0.000342911	2.23314e-05	1.44371e-05	0.000277017	2.50
12	12000	2.41751	14.7546	0.000215926	1.59429e-05	0.00109652	-0.000344023	2.12514e-05	1.43914e-05	0.000280831	2.51
12	12000	2.40278	13.9477	0.000215889	1.59314e-05	0.00110169	-0.000349883	1.95714e-05	1.48e-05	0.000263397	2.50
12	12000	2.41591	14.6636	0.000216037	1.59429e-05	0.00109867	-0.000346311	2.05857e-05	1.47629e-05	0.000277683	2.51
12	12000	2.41082	14.5116	0.000215777	1.594e-05	0.00109667	-0.000344574	1.96857e-05	1.49543e-05	0.000276023	2.50
12	12000	2.41304	14.3102	0.00021608	1.594e-05	0.00110077	-0.000348503	2.11257e-05	1.46829e-05	0.000272577	2.51
