N_THREADS	N_TRANSACTIONS	TIME	N_ABORTS	PROCESS_READ_TIME	PROCESS_WRITE_TIME	PROCESS_VALIDATION_TIME	PROCESS_OTHER_TIME	COMMIT_VALIDATION_TIME	COMMIT_OTHER_TIME	WASTED_TIME
1	1000	0.141173	0	5.08571e-06	3.02571e-06	0	1.036e-05	0	3.84286e-06	3.77143e-07
1	1000	0.141159	0	5.07714e-06	3.02e-06	0	1.03657e-05	0	3.84e-06	3.77143e-07
1	1000	0.141176	0	5.08857e-06	3.02e-06	0	1.03629e-05	0	3.84e-06	3.77143e-07
1	1000	0.141172	0	5.08571e-06	3.02e-06	0	1.03657e-05	0	3.84e-06	3.74286e-07
1	1000	0.141151	0	5.07714e-06	3.02286e-06	0	1.03629e-05	0	3.84e-06	3.77143e-07
1	1000	0.141166	0	5.08286e-06	3.02286e-06	0	1.03629e-05	0	3.83714e-06	3.77143e-07
1	1000	0.141157	0	5.08286e-06	3.01714e-06	0	1.03657e-05	0	3.84286e-06	3.77143e-07
1	1000	0.141169	0	5.08286e-06	3.02e-06	0	1.03657e-05	0	3.84e-06	3.77143e-07
1	1000	0.141153	0	5.08571e-06	3.02e-06	0	1.03629e-05	0	3.83714e-06	3.77143e-07
1	1000	0.141163	0	5.08571e-06	3.02e-06	0	1.03657e-05	0	3.83429e-06	3.77143e-07
2	2000	0.141249	0	5.09429e-06	3.02e-06	1.14286e-08	1.03686e-05	0	3.83714e-06	3.77143e-07
2	2000	0.141249	0	5.09714e-06	3.02286e-06	1.14286e-08	1.036e-05	0	3.83429e-06	3.74286e-07
2	2000	0.141257	0	5.1e-06	3.02e-06	1.42857e-08	1.036e-05	0	3.83714e-06	3.77143e-07
2	2000	0.141254	0	5.09429e-06	3.01714e-06	1.42857e-08	1.03686e-05	0	3.83714e-06	3.74286e-07
2	2000	0.141249	0	5.09714e-06	3.02e-06	1.14286e-08	1.03686e-05	0	3.83714e-06	3.77143e-07
2	2000	0.141263	0	5.09429e-06	3.02e-06	1.42857e-08	1.03629e-05	0	3.83714e-06	3.74286e-07
2	2000	0.141255	0	5.09714e-06	3.02286e-06	1.42857e-08	1.036e-05	0	3.84286e-06	3.74286e-07
2	2000	0.141253	0	5.1e-06	3.02286e-06	1.14286e-08	1.03657e-05	0	3.83714e-06	3.74286e-07
2	2000	0.141258	0	5.09429e-06	3.02e-06	1.42857e-08	1.03629e-05	0	3.83714e-06	3.74286e-07
2	2000	0.14124	0	5.09714e-06	3.01714e-06	1.14286e-08	1.03657e-05	0	3.83714e-06	3.77143e-07
3	3000	0.141494	0.0333222	5.13714e-06	3.01714e-06	7.14286e-08	1.03629e-05	2.85714e-09	3.84e-06	3.8e-07
3	3000	0.141496	0	5.13714e-06	3.01714e-06	7.42857e-08	1.03629e-05	2.85714e-09	3.84e-06	3.77143e-07
3	3000	0.141495	0	5.13429e-06	3.02e-06	7.14286e-08	1.03657e-05	2.85714e-09	3.84e-06	3.74286e-07
3	3000	0.141484	0	5.13143e-06	3.02e-06	7.42857e-08	1.036e-05	2.85714e-09	3.84e-06	3.74286e-07
3	3000	0.141493	0.0333222	5.13429e-06	3.02286e-06	7.14286e-08	1.036e-05	2.85714e-09	3.83429e-06	3.77143e-07
3	3000	0.141497	0.0333222	5.13714e-06	3.02e-06	7.42857e-08	1.03514e-05	2.85714e-09	3.84e-06	3.74286e-07
3	3000	0.141491	0.0333222	5.13714e-06	3.01714e-06	7.14286e-08	1.03629e-05	2.85714e-09	3.83429e-06	3.8e-07
3	3000	0.141481	0.0333222	5.13143e-06	3.01714e-06	7.42857e-08	1.036e-05	2.85714e-09	3.83714e-06	3.8e-07
3	3000	0.141491	0	5.13429e-06	3.01714e-06	6.85714e-08	1.03686e-05	2.85714e-09	3.83429e-06	3.74286e-07
3	3000	0.141492	0	5.13429e-06	3.02e-06	6.85714e-08	1.03657e-05	2.85714e-09	3.83714e-06	3.77143e-07
4	4000	0.141565	0.0249938	5.15714e-06	3.01714e-06	1.08571e-07	1.03657e-05	2.85714e-09	3.84e-06	3.74286e-07
4	4000	0.141558	0.0249938	5.16e-06	3.02e-06	1.14286e-07	1.03457e-05	0	3.84e-06	3.77143e-07
4	4000	0.141561	0	5.16e-06	3.01714e-06	1.14286e-07	1.03543e-05	0	3.83714e-06	3.74286e-07
4	4000	0.141551	0	5.15714e-06	3.01714e-06	1.08571e-07	1.03629e-05	2.85714e-09	3.84e-06	3.71429e-07
4	4000	0.141558	0	5.15429e-06	3.01714e-06	1.14286e-07	1.036e-05	0	3.84286e-06	3.74286e-07
4	4000	0.141558	0.0249938	5.15429e-06	3.01714e-06	1.11429e-07	1.036e-05	2.85714e-09	3.83714e-06	3.71429e-07
4	4000	0.141552	0	5.15714e-06	3.01714e-06	1.11429e-07	1.03571e-05	0	3.84286e-06	3.77143e-07
4	4000	0.14155	0	5.16e-06	3.01714e-06	1.08571e-07	1.036e-05	2.85714e-09	3.83714e-06	3.71429e-07
4	4000	0.141556	0.0249938	5.15429e-06	3.01714e-06	1.08571e-07	1.03629e-05	5.71429e-09	3.83429e-06	3.77143e-07
4	4000	0.141561	0.0249938	5.15714e-06	3.01714e-06	1.08571e-07	1.03629e-05	2.85714e-09	3.84e-06	3.8e-07
5	5000	0.141727	0.039984	5.19429e-06	3.01429e-06	1.74286e-07	1.036e-05	2.85714e-09	3.83714e-06	3.77143e-07
5	5000	0.141725	0.039984	5.19143e-06	3.01429e-06	1.71429e-07	1.03714e-05	2.85714e-09	3.84e-06	3.77143e-07
5	5000	0.141738	0.039984	5.19143e-06	3.01429e-06	1.77143e-07	1.03743e-05	2.85714e-09	3.83429e-06	3.77143e-07
5	5000	0.141728	0.039984	5.18857e-06	3.01714e-06	1.71429e-07	1.03686e-05	2.85714e-09	3.83714e-06	3.77143e-07
5	5000	0.141723	0.039984	5.19143e-06	3.01429e-06	1.71429e-07	1.03714e-05	2.85714e-09	3.83143e-06	3.77143e-07
5	5000	0.141726	0.039984	5.19714e-06	3.01429e-06	1.71429e-07	1.03657e-05	2.85714e-09	3.83429e-06	3.77143e-07
5	5000	0.141731	0.039984	5.19429e-06	3.01429e-06	1.71429e-07	1.03714e-05	2.85714e-09	3.83714e-06	3.77143e-07
5	5000	0.141721	0.039984	5.19714e-06	3.01429e-06	1.74286e-07	1.036e-05	0	3.84e-06	3.77143e-07
5	5000	0.141723	0.039984	5.18857e-06	3.01429e-06	1.65714e-07	1.038e-05	5.71429e-09	3.83714e-06	3.77143e-07
5	5000	0.141719	0.039984	5.19143e-06	3.01429e-06	1.65714e-07	1.03743e-05	2.85714e-09	3.83714e-06	3.77143e-07
6	6000	0.142171	0.0832639	5.30571e-06	3.01714e-06	3.34286e-07	1.03343e-05	8.57143e-09	3.83714e-06	3.77143e-07
6	6000	0.142166	0.049975	5.29714e-06	3.01714e-06	3.37143e-07	1.03429e-05	8.57143e-09	3.83714e-06	3.74286e-07
6	6000	0.142173	0.0999001	5.28857e-06	3.01714e-06	3.37143e-07	1.03457e-05	8.57143e-09	3.84e-06	3.8e-07
6	6000	0.142163	0.049975	5.29714e-06	3.01714e-06	3.31429e-07	1.03429e-05	5.71429e-09	3.83714e-06	3.74286e-07
6	6000	0.142167	0.0832639	5.30571e-06	3.01714e-06	3.4e-07	1.032e-05	5.71429e-09	3.83714e-06	3.77143e-07
6	6000	0.142161	0.049975	5.28857e-06	3.01714e-06	3.34286e-07	1.03486e-05	8.57143e-09	3.84e-06	3.71429e-07
6	6000	0.142155	0.0666223	5.29143e-06	3.01714e-06	3.25714e-07	1.03543e-05	1.14286e-08	3.82857e-06	3.74286e-07
6	6000	0.142161	0.0832639	5.30286e-06	3.01714e-06	3.31429e-07	1.03343e-05	5.71429e-09	3.84e-06	3.77143e-07
6	6000	0.142165	0.0666223	5.29714e-06	3.01714e-06	3.31429e-07	1.03486e-05	1.14286e-08	3.83143e-06	3.77143e-07
6	6000	0.142156	0.049975	5.29714e-06	3.01714e-06	3.28571e-07	1.03543e-05	2.85714e-09	3.84286e-06	3.71429e-07
7	7000	0.143293	0.256483	5.67143e-06	3.02e-06	9.54286e-07	9.81143e-06	1.14286e-08	3.84286e-06	4.02857e-07
7	7000	0.143318	0.213828	5.66857e-06	3.01714e-06	9.62857e-07	9.80286e-06	5.71429e-09	3.84857e-06	4e-07
7	7000	0.143279	0.256483	5.66e-06	3.01429e-06	9.4e-07	9.84e-06	8.57143e-09	3.84571e-06	3.97143e-07
7	7000	0.143321	0.213828	5.67429e-06	3.02e-06	9.88571e-07	9.75714e-06	1.42857e-08	3.84286e-06	3.97143e-07
7	7000	0.143298	0.22805	5.66857e-06	3.02e-06	9.57143e-07	9.80571e-06	1.71429e-08	3.84286e-06	3.97143e-07
7	7000	0.143256	0.242269	5.66e-06	3.02e-06	9.25714e-07	9.83429e-06	1.42857e-08	3.84571e-06	4e-07
7	7000	0.143278	0.22805	5.66e-06	3.02e-06	9.45714e-07	9.82857e-06	1.14286e-08	3.84286e-06	4e-07
7	7000	0.143311	0.270694	5.66857e-06	3.01714e-06	9.6e-07	9.82286e-06	1.71429e-08	3.83714e-06	4.02857e-07
7	7000	0.143304	0.256483	5.66571e-06	3.02e-06	9.48571e-07	9.80857e-06	1.14286e-08	3.84857e-06	4.02857e-07
7	7000	0.143321	0.256483	5.66571e-06	3.01714e-06	9.42857e-07	9.83429e-06	1.14286e-08	3.84857e-06	4e-07
8	8000	0.144157	0.373599	5.93714e-06	3.01714e-06	1.52e-06	9.12571e-06	8.28571e-08	3.84571e-06	4.25714e-07
8	8000	0.144181	0.522258	5.94286e-06	3.01714e-06	1.51714e-06	9.12857e-06	9.71429e-08	3.84e-06	4.51429e-07
8	8000	0.144218	0.559354	5.94571e-06	3.01714e-06	1.54571e-06	9.08857e-06	8.28571e-08	3.84571e-06	4.51429e-07
8	8000	0.144237	0.559354	5.95143e-06	3.01714e-06	1.55143e-06	9.07714e-06	8.57143e-08	3.84286e-06	4.57143e-07
8	8000	0.144216	0.485135	5.94286e-06	3.01714e-06	1.53429e-06	9.10857e-06	9.14286e-08	3.84857e-06	4.45714e-07
8	8000	0.144186	0.435594	5.95714e-06	3.01714e-06	1.54286e-06	9.08286e-06	7.71429e-08	3.84571e-06	4.28571e-07
8	8000	0.144258	0.348779	5.95714e-06	3.01714e-06	1.56e-06	9.06286e-06	7.71429e-08	3.84857e-06	4.14286e-07
8	8000	0.144169	0.559354	5.95143e-06	3.01714e-06	1.52286e-06	9.09714e-06	8.85714e-08	3.84857e-06	4.51429e-07
8	8000	0.144182	0.398406	5.95429e-06	3.01714e-06	1.53429e-06	9.08e-06	8.57143e-08	3.84286e-06	4.28571e-07
8	8000	0.1442	0.534626	5.94e-06	3.01714e-06	1.52571e-06	9.11143e-06	9.71429e-08	3.84286e-06	4.48571e-07
9	9000	0.144811	0.607399	6.09143e-06	3.00857e-06	1.89143e-06	8.70286e-06	1.68571e-07	3.84e-06	4.74286e-07
9	9000	0.144804	0.695134	6.08286e-06	3.00857e-06	1.91143e-06	8.67714e-06	1.77143e-07	3.84286e-06	4.82857e-07
9	9000	0.144831	0.618375	6.10571e-06	3.00857e-06	1.92e-06	8.66571e-06	1.68571e-07	3.85143e-06	4.68571e-07
9	9000	0.144829	0.727995	6.08857e-06	3.00857e-06	1.87429e-06	8.71429e-06	1.88571e-07	3.84e-06	4.97143e-07
9	9000	0.144866	0.563474	6.09429e-06	3.00857e-06	1.90571e-06	8.67714e-06	1.8e-07	3.84286e-06	4.57143e-07
9	9000	0.144833	0.760834	6.08286e-06	3.00857e-06	1.88e-06	8.71714e-06	1.77143e-07	3.84286e-06	4.94286e-07
9	9000	0.14485	0.782714	6.09714e-06	3.00857e-06	1.89429e-06	8.69143e-06	1.71429e-07	3.84571e-06	5.02857e-07
9	9000	0.14488	0.673215	6.09714e-06	3.00857e-06	1.88571e-06	8.69714e-06	1.8e-07	3.84286e-06	4.8e-07
9	9000	0.144883	0.70609	6.11143e-06	3.00857e-06	1.91714e-06	8.67143e-06	1.54286e-07	3.84857e-06	4.85714e-07
9	9000	0.144779	0.596421	6.08e-06	3.00857e-06	1.88571e-06	8.7e-06	1.77143e-07	3.85429e-06	4.71429e-07
10	10000	0.145547	0.852667	6.21714e-06	3e-06	2.18e-06	8.44571e-06	2.71429e-07	3.84571e-06	5.14286e-07
10	10000	0.145456	0.793651	6.21143e-06	3.00286e-06	2.17429e-06	8.45143e-06	2.71429e-07	3.83429e-06	5.11429e-07
10	10000	0.145415	0.823168	6.21143e-06	3e-06	2.16286e-06	8.48571e-06	2.82857e-07	3.83714e-06	5.14286e-07
10	10000	0.145423	0.911613	6.22e-06	3e-06	2.17714e-06	8.43429e-06	2.71429e-07	3.84286e-06	5.25714e-07
10	10000	0.145467	0.990099	6.2e-06	3.00286e-06	2.15143e-06	8.46857e-06	2.88571e-07	3.84857e-06	5.48571e-07
10	10000	0.145429	0.793651	6.21143e-06	3e-06	2.16e-06	8.47143e-06	2.77143e-07	3.83143e-06	5.08571e-07
10	10000	0.145439	1.0097	6.21429e-06	3.00286e-06	2.17714e-06	8.43714e-06	2.74286e-07	3.83714e-06	5.4e-07
10	10000	0.145469	0.842836	6.21429e-06	3.00286e-06	2.17429e-06	8.45143e-06	2.8e-07	3.84571e-06	5.2e-07
10	10000	0.145447	0.813331	6.21143e-06	3e-06	2.18e-06	8.44857e-06	2.71429e-07	3.84571e-06	5.08571e-07
10	10000	0.145422	0.862496	6.20857e-06	3e-06	2.16571e-06	8.46857e-06	2.68571e-07	3.85143e-06	5.22857e-07
11	11000	0.146208	0.99901	6.36286e-06	3.01714e-06	2.48857e-06	8.23714e-06	3.51429e-07	3.84286e-06	5.57143e-07
11	11000	0.146182	0.94552	6.36286e-06	3.01714e-06	2.48e-06	8.25143e-06	3.57143e-07	3.84286e-06	5.34286e-07
11	11000	0.14628	1.1236	6.37429e-06	3.01714e-06	2.46571e-06	8.25429e-06	3.8e-07	3.84286e-06	5.68571e-07
11	11000	0.146233	1.06134	6.36571e-06	3.01714e-06	2.47714e-06	8.25429e-06	3.68571e-07	3.83143e-06	5.6e-07
11	11000	0.146316	1.1236	6.37143e-06	3.01714e-06	2.45429e-06	8.26571e-06	3.91429e-07	3.83143e-06	5.71429e-07
11	11000	0.146271	1.10582	6.37143e-06	3.01714e-06	2.47429e-06	8.25143e-06	3.54286e-07	3.82857e-06	5.77143e-07
11	11000	0.146336	1.13248	6.36571e-06	3.01714e-06	2.47429e-06	8.26571e-06	3.54286e-07	3.85143e-06	5.77143e-07
11	11000	0.146282	1.15025	6.35714e-06	3.01714e-06	2.45714e-06	8.28857e-06	3.68571e-07	3.84571e-06	5.74286e-07
11	11000	0.146259	1.23013	6.36e-06	3.01714e-06	2.46286e-06	8.27143e-06	3.8e-07	3.82e-06	6e-07
11	11000	0.146306	1.13248	6.37143e-06	3.01714e-06	2.50286e-06	8.22571e-06	3.34286e-07	3.85714e-06	5.68571e-07
12	12000	0.158274	1.23457	7.06857e-06	3.25714e-06	3.06e-06	8.60571e-06	5.97143e-07	4.05143e-06	6.57143e-07
12	12000	0.158361	1.39688	7.07714e-06	3.25714e-06	3.1e-06	8.57714e-06	6.11429e-07	4.03143e-06	6.91429e-07
12	12000	0.158267	1.18577	7.06286e-06	3.25714e-06	3.01429e-06	8.66571e-06	6.31429e-07	4.05143e-06	6.45714e-07
12	12000	0.158277	1.22644	7.08286e-06	3.25714e-06	3.07714e-06	8.60286e-06	5.88571e-07	4.05143e-06	6.62857e-07
12	12000	0.158324	1.07172	7.09143e-06	3.25714e-06	3.09143e-06	8.59143e-06	5.97143e-07	4.04571e-06	6.25714e-07
12	12000	0.158323	1.21018	7.06857e-06	3.25714e-06	3.06286e-06	8.60571e-06	5.97143e-07	4.04857e-06	6.45714e-07
12	12000	0.158309	1.22644	7.08286e-06	3.25714e-06	3.05714e-06	8.60857e-06	6.14286e-07	4.04286e-06	6.57143e-07
12	12000	0.158294	1.2752	7.09143e-06	3.25714e-06	3.1e-06	8.58e-06	5.74286e-07	4.04286e-06	6.65714e-07
12	12000	0.15825	1.21018	7.09714e-06	3.25714e-06	3.07143e-06	8.60857e-06	5.85714e-07	4.05143e-06	6.54286e-07
12	12000	0.158218	1.07988	7.08571e-06	3.25714e-06	3.08286e-06	8.58571e-06	5.85714e-07	4.05143e-06	6.22857e-07
