N_THREADS	N_TRANSACTIONS	TIME	N_ABORTS	PROCESS_READ_TIME	PROCESS_WRITE_TIME	PROCESS_VALIDATION_TIME	PROCESS_OTHER_TIME	COMMIT_VALIDATION_TIME	COMMIT_OTHER_TIME	WASTED_TIME
1	1000	0.187109	0	1.47829e-05	1.35514e-05	0	0.000141369	0	8.99143e-06	1.02571e-06	0.25
1	1000	0.187096	0	1.47771e-05	1.35486e-05	0	0.000141383	0	8.97143e-06	1.02286e-06	0.23
1	1000	0.187126	0	1.47829e-05	1.35543e-05	0	0.000141389	0	8.97429e-06	1.02286e-06	0.23
1	1000	0.1871	0	1.47943e-05	1.35429e-05	0	0.000141377	0	8.96286e-06	1.02286e-06	0.23
1	1000	0.1871	0	1.47857e-05	1.35429e-05	0	0.000141377	0	8.98286e-06	1.02e-06	0.23
1	1000	0.18712	0	1.47971e-05	1.35429e-05	0	0.000141391	0	8.97429e-06	1.02e-06	0.23
1	1000	0.187108	0	1.47686e-05	1.35486e-05	0	0.000141389	0	8.97714e-06	1.02571e-06	0.23
1	1000	0.187126	0	1.47943e-05	1.35571e-05	0	0.000141383	0	8.97143e-06	1.02286e-06	0.23
1	1000	0.187126	0	1.47743e-05	1.35571e-05	0	0.000141394	0	8.98e-06	1.02571e-06	0.23
1	1000	0.187095	0	1.478e-05	1.35371e-05	0	0.0001414	0	8.96571e-06	1.01429e-06	0.23
2	2000	0.195372	0.199601	1.768e-05	1.41857e-05	3.14571e-06	0.000138949	5.71429e-09	9.26286e-06	1.36286e-06	0.27
2	2000	0.195405	0.447984	1.76057e-05	1.41257e-05	3.04571e-06	0.000139009	1.14286e-08	9.23429e-06	1.69143e-06	0.24
2	2000	0.195454	0.497512	1.75886e-05	1.41143e-05	3.02e-06	0.000139049	2e-08	9.23143e-06	1.76e-06	0.24
2	2000	0.195883	0.398406	1.76371e-05	1.41686e-05	3.1e-06	0.000138974	2.85714e-09	9.23714e-06	1.67714e-06	0.24
2	2000	0.195582	0.398406	1.76286e-05	1.41629e-05	3.10286e-06	0.000138974	1.42857e-08	9.25143e-06	1.60571e-06	0.24
2	2000	0.195671	0.299103	1.76629e-05	1.41829e-05	3.11143e-06	0.000138997	0	9.26286e-06	1.51714e-06	0.24
2	2000	0.196308	0.596421	1.76143e-05	1.414e-05	3.05143e-06	0.000138997	1.42857e-08	9.24286e-06	1.89429e-06	0.24
2	2000	0.195541	0.299103	1.76543e-05	1.41457e-05	3.07429e-06	0.000139011	2.85714e-09	9.23714e-06	1.51143e-06	0.24
2	2000	0.196039	0.596421	1.76143e-05	1.41486e-05	3.05714e-06	0.000138989	1.42857e-08	9.24571e-06	1.87714e-06	0.24
2	2000	0.195874	0.348779	1.764e-05	1.41371e-05	3.05143e-06	0.00013902	1.71429e-08	9.22286e-06	1.52286e-06	0.24
3	3000	0.199783	0.85922	1.87714e-05	1.39714e-05	4.42571e-06	0.000137954	1.14286e-07	9.22571e-06	2.43714e-06	0.27
3	3000	0.199733	0.924703	1.87029e-05	1.39657e-05	4.38571e-06	0.000138006	1.48571e-07	9.23714e-06	2.52286e-06	0.25
3	3000	0.200435	0.957412	1.90286e-05	1.40229e-05	4.54e-06	0.000137851	1.31429e-07	9.23143e-06	2.55143e-06	0.25
3	3000	0.200186	0.957412	1.872e-05	1.39629e-05	4.45714e-06	0.000137926	1.31429e-07	9.24e-06	2.58286e-06	0.25
3	3000	0.20004	0.957412	1.87257e-05	1.39686e-05	4.46857e-06	0.000137906	1.42857e-07	9.23714e-06	2.58e-06	0.25
3	3000	0.199823	0.793651	1.87743e-05	1.39771e-05	4.42571e-06	0.000137937	1.25714e-07	9.23714e-06	2.28571e-06	0.25
3	3000	0.199731	0.727995	1.87257e-05	1.39571e-05	4.42857e-06	0.000137931	1.22857e-07	9.22857e-06	2.20286e-06	0.24
3	3000	0.199962	0.924703	1.87429e-05	1.39771e-05	4.43143e-06	0.000137923	1.25714e-07	9.22571e-06	2.53143e-06	0.24
3	3000	0.19976	0.760834	1.88543e-05	1.39829e-05	4.48286e-06	0.000137886	1.11429e-07	9.22286e-06	2.23429e-06	0.24
3	3000	0.199728	0.727995	1.87371e-05	1.396e-05	4.43429e-06	0.000137917	1.14286e-07	9.21429e-06	2.20857e-06	0.24
4	4000	0.207033	1.33202	2.09686e-05	1.45571e-05	6.75429e-06	0.000136569	2.14286e-07	9.40571e-06	3.3e-06	0.27
4	4000	0.207368	1.38067	2.094e-05	1.45629e-05	6.75143e-06	0.000136577	2.17143e-07	9.41143e-06	3.4e-06	0.25
4	4000	0.208084	1.40498	2.09114e-05	1.456e-05	6.72e-06	0.000136594	2.02857e-07	9.41714e-06	3.40857e-06	0.25
4	4000	0.206385	1.03909	2.09457e-05	1.456e-05	6.76857e-06	0.000136551	2.57143e-07	9.41429e-06	2.76e-06	0.25
4	4000	0.207866	1.42928	2.09257e-05	1.458e-05	6.77143e-06	0.000136554	2.17143e-07	9.43143e-06	3.46286e-06	0.25
4	4000	0.207069	1.30767	2.08429e-05	1.45771e-05	6.72857e-06	0.00013658	3.08571e-07	9.44857e-06	3.20857e-06	0.25
4	4000	0.207325	1.40498	2.09514e-05	1.45714e-05	6.76e-06	0.000136543	1.85714e-07	9.40571e-06	3.46571e-06	0.25
4	4000	0.206972	1.23457	2.08857e-05	1.45543e-05	6.75143e-06	0.000136571	2.28571e-07	9.43429e-06	3.10571e-06	0.25
4	4000	0.207625	1.50209	2.09057e-05	1.45629e-05	6.74286e-06	0.000136563	2.51429e-07	9.42e-06	3.58e-06	0.25
4	4000	0.207353	1.40498	2.09571e-05	1.45629e-05	6.78857e-06	0.000136494	2.08571e-07	9.41714e-06	3.40571e-06	0.25
5	5000	0.215122	1.80676	2.29171e-05	1.53771e-05	8.56571e-06	0.000135966	5.42857e-07	9.77714e-06	4.10571e-06	0.28
5	5000	0.215868	1.92232	2.29343e-05	1.54114e-05	8.61429e-06	0.000135949	7.02857e-07	9.86e-06	4.33714e-06	0.26
5	5000	0.215215	1.92232	2.29286e-05	1.53914e-05	8.51429e-06	0.000136006	4.88571e-07	9.75429e-06	4.39714e-06	0.26
5	5000	0.215902	1.84531	2.29229e-05	1.54086e-05	8.51714e-06	0.000136057	6.4e-07	9.83429e-06	4.29429e-06	0.26
5	5000	0.215841	1.99922	2.29457e-05	1.54e-05	8.57143e-06	0.00013594	5.88571e-07	9.8e-06	4.53429e-06	0.26
5	5000	0.214992	1.78747	2.28886e-05	1.53343e-05	8.44e-06	0.000136037	4.85714e-07	9.72571e-06	4.19429e-06	0.26
5	5000	0.216421	1.94156	2.29343e-05	1.54114e-05	8.55714e-06	0.000136003	6.8e-07	9.88286e-06	4.41143e-06	0.26
5	5000	0.215566	1.98	2.28514e-05	1.53629e-05	8.44857e-06	0.000136071	5.65714e-07	9.76857e-06	4.44286e-06	0.26
5	5000	0.215079	1.65224	2.29257e-05	1.534e-05	8.52571e-06	0.000135943	5.17143e-07	9.75429e-06	3.88e-06	0.26
5	5000	0.215706	2.01842	2.29914e-05	1.54286e-05	8.65429e-06	0.000135883	6.51429e-07	9.85429e-06	4.58571e-06	0.26
6	6000	0.226455	2.40729	2.54543e-05	1.67571e-05	1.07543e-05	0.000135643	1.26571e-06	1.05086e-05	5.32571e-06	0.30
6	6000	0.227462	2.37553	2.53857e-05	1.67486e-05	1.07343e-05	0.00013562	1.24e-06	1.04743e-05	5.34e-06	0.27
6	6000	0.22625	2.21643	2.54314e-05	1.674e-05	1.07371e-05	0.000135557	1.08857e-06	1.04657e-05	5.07143e-06	0.27
6	6000	0.226145	2.43902	2.54686e-05	1.67543e-05	1.07771e-05	0.000135583	1.11143e-06	1.04714e-05	5.50286e-06	0.27
6	6000	0.228111	2.72374	2.55057e-05	1.67743e-05	1.07857e-05	0.000135629	1.24571e-06	1.05286e-05	6.06571e-06	0.27
6	6000	0.227778	2.50244	2.54286e-05	1.67629e-05	1.07057e-05	0.000135706	1.30286e-06	1.05257e-05	5.61143e-06	0.27
6	6000	0.226709	2.45489	2.54686e-05	1.67314e-05	1.07571e-05	0.000135591	1.18857e-06	1.04829e-05	5.51143e-06	0.27
6	6000	0.227653	2.89691	2.54743e-05	1.67914e-05	1.074e-05	0.000135643	1.23143e-06	1.05314e-05	6.33143e-06	0.27
6	6000	0.226647	2.58159	2.54943e-05	1.67971e-05	1.08114e-05	0.000135591	1.31714e-06	1.05543e-05	5.63714e-06	0.27
6	6000	0.226235	2.43902	2.54457e-05	1.67743e-05	1.07143e-05	0.000135686	1.21143e-06	1.05257e-05	5.45714e-06	0.27
7	7000	0.242758	2.9799	2.90229e-05	1.87714e-05	1.35543e-05	0.00013564	2.49143e-06	1.17e-05	6.94857e-06	0.31
7	7000	0.243463	3.1544	2.89629e-05	1.87371e-05	1.34743e-05	0.000135646	2.58e-06	1.16657e-05	7.16286e-06	0.29
7	7000	0.243373	2.99335	2.89657e-05	1.87143e-05	1.34229e-05	0.000135643	2.40286e-06	1.16286e-05	6.87143e-06	0.29
7	7000	0.243376	3.35496	2.90543e-05	1.87943e-05	1.34686e-05	0.000135729	2.58286e-06	1.17029e-05	7.61714e-06	0.29
7	7000	0.242749	3.07394	2.90343e-05	1.876e-05	1.34857e-05	0.000135634	2.44286e-06	1.16543e-05	7.06286e-06	0.29
7	7000	0.243018	3.35496	2.89229e-05	1.87343e-05	1.34829e-05	0.000135609	2.47429e-06	1.16343e-05	7.58e-06	0.29
7	7000	0.243403	3.43496	2.90257e-05	1.878e-05	1.34714e-05	0.000135697	2.55143e-06	1.17086e-05	7.83429e-06	0.29
7	7000	0.243207	3.3683	2.892e-05	1.87514e-05	1.34257e-05	0.000135686	2.44857e-06	1.16743e-05	7.64e-06	0.29
7	7000	0.242825	2.91262	2.89571e-05	1.874e-05	1.33743e-05	0.000135711	2.42571e-06	1.16143e-05	6.66286e-06	0.29
7	7000	0.24371	3.66089	2.90057e-05	1.87857e-05	1.34657e-05	0.000135697	2.48571e-06	1.166e-05	8.18286e-06	0.29
8	8000	0.265451	3.76519	3.41371e-05	2.162e-05	1.76371e-05	0.0001354	4.04857e-06	1.326e-05	9.11429e-06	0.33
8	8000	0.265261	3.78833	3.41743e-05	2.16571e-05	1.75686e-05	0.000135483	3.96857e-06	1.32686e-05	9.17429e-06	0.31
8	8000	0.264647	3.57961	3.41657e-05	2.164e-05	1.75429e-05	0.000135463	3.99714e-06	1.32457e-05	8.64571e-06	0.31
8	8000	0.265494	3.95005	3.41657e-05	2.16571e-05	1.75057e-05	0.000135529	4.02e-06	1.326e-05	9.38286e-06	0.31
8	8000	0.266411	4.04222	3.40943e-05	2.166e-05	1.73971e-05	0.000135646	4.11714e-06	1.33e-05	9.57714e-06	0.32
8	8000	0.264838	3.62607	3.41714e-05	2.16629e-05	1.75143e-05	0.000135551	4.06857e-06	1.33086e-05	8.68571e-06	0.31
8	8000	0.264833	3.54473	3.41314e-05	2.16229e-05	1.75857e-05	0.000135403	3.92286e-06	1.32743e-05	8.66571e-06	0.32
8	8000	0.265075	3.60284	3.41171e-05	2.16029e-05	1.75657e-05	0.000135437	3.97429e-06	1.326e-05	8.69143e-06	0.32
8	8000	0.265319	3.76519	3.412e-05	2.16314e-05	1.75057e-05	0.000135483	3.98571e-06	1.328e-05	9.20286e-06	0.31
8	8000	0.26577	3.86926	3.40943e-05	2.16629e-05	1.74657e-05	0.000135574	4.04857e-06	1.32371e-05	9.40571e-06	0.31
9	9000	0.298113	4.61049	4.11314e-05	2.56714e-05	2.24943e-05	0.000135803	6.95429e-06	1.58229e-05	1.18457e-05	0.37
9	9000	0.297147	4.67112	4.12343e-05	2.57143e-05	2.25171e-05	0.000135823	7.05143e-06	1.57914e-05	1.22286e-05	0.34
9	9000	0.296886	4.60038	4.13229e-05	2.56714e-05	2.27571e-05	0.000135651	7.07143e-06	1.57943e-05	1.19886e-05	0.35
9	9000	0.297747	4.61049	4.12714e-05	2.56743e-05	2.26229e-05	0.000135746	7.16286e-06	1.57486e-05	1.19057e-05	0.35
9	9000	0.297455	4.50928	4.11629e-05	2.56171e-05	2.26686e-05	0.000135589	6.86e-06	1.57971e-05	1.17314e-05	0.34
9	9000	0.297509	4.75183	4.10914e-05	2.56314e-05	2.25571e-05	0.000135717	6.94857e-06	1.57886e-05	1.224e-05	0.35
9	9000	0.299456	4.54979	4.122e-05	2.56543e-05	2.26371e-05	0.000135634	6.92286e-06	1.57486e-05	1.19914e-05	0.35
9	9000	0.297482	4.58015	4.11971e-05	2.56686e-05	2.26943e-05	0.000135651	6.94e-06	1.582e-05	1.20571e-05	0.34
9	9000	0.296494	4.20436	4.12686e-05	2.56686e-05	2.27e-05	0.000135603	6.89143e-06	1.58543e-05	1.09714e-05	0.34
9	9000	0.297053	4.46874	4.12743e-05	2.56886e-05	2.26486e-05	0.00013574	6.96857e-06	1.58486e-05	1.18514e-05	0.34
10	10000	0.338451	5.37472	5.01829e-05	3.05857e-05	2.87257e-05	0.000135883	1.23229e-05	1.91514e-05	1.55457e-05	0.41
10	10000	0.33805	5.3568	5.01914e-05	3.05829e-05	2.87457e-05	0.000135846	1.23714e-05	1.90714e-05	1.56e-05	0.37
10	10000	0.338286	5.39262	5.00486e-05	3.04857e-05	2.87971e-05	0.0001357	1.26229e-05	1.89743e-05	1.54143e-05	0.39
10	10000	0.337713	5.312	5.02514e-05	3.05657e-05	2.88057e-05	0.000135843	1.26857e-05	1.89629e-05	1.52714e-05	0.39
10	10000	0.338682	5.59804	5.01029e-05	3.05086e-05	2.87457e-05	0.000135769	1.25514e-05	1.888e-05	1.61914e-05	0.39
10	10000	0.337311	4.9791	5.024e-05	3.07229e-05	2.85914e-05	0.000136077	1.226e-05	1.92543e-05	1.47114e-05	0.39
10	10000	0.33878	5.74041	5.00943e-05	3.046e-05	2.87771e-05	0.000135734	1.23657e-05	1.89629e-05	1.652e-05	0.39
10	10000	0.337928	5.04226	5.02657e-05	3.06657e-05	2.87257e-05	0.000135989	1.24571e-05	1.91629e-05	1.47e-05	0.39
10	10000	0.338493	5.49097	5.016e-05	3.056e-05	2.864e-05	0.000135909	1.22829e-05	1.91629e-05	1.56829e-05	0.39
10	10000	0.339927	5.41052	5.00629e-05	3.05029e-05	2.876e-05	0.000135783	1.23514e-05	1.90543e-05	1.568e-05	0.39
11	11000	0.386347	6.04715	6.00914e-05	3.49543e-05	3.908e-05	0.000131863	2.05686e-05	2.10857e-05	1.958e-05	0.46
11	11000	0.388925	6.07923	5.99886e-05	3.49429e-05	3.90257e-05	0.000131871	2.03343e-05	2.12314e-05	2.00314e-05	0.44
11	11000	0.386689	6.19137	6.00114e-05	3.49629e-05	3.926e-05	0.000131637	2.02171e-05	2.13057e-05	2.02229e-05	0.44
11	11000	0.388621	6.62139	5.97943e-05	3.48914e-05	3.88657e-05	0.000131909	2.03543e-05	2.10771e-05	2.14429e-05	0.43
11	11000	0.386402	6.49439	5.98943e-05	3.48457e-05	3.89971e-05	0.00013176	2.07743e-05	2.088e-05	2.078e-05	0.44
11	11000	0.386013	6.08725	5.99457e-05	3.49057e-05	3.90971e-05	0.000131763	2.07629e-05	2.09943e-05	1.99229e-05	0.43
11	11000	0.386582	5.99897	6.00086e-05	3.49743e-05	3.924e-05	0.000131663	2.038e-05	2.12371e-05	1.93286e-05	0.44
11	11000	0.387978	6.52617	5.98771e-05	3.49e-05	3.90114e-05	0.000131803	2.04343e-05	2.10514e-05	2.146e-05	0.44
11	11000	0.386689	6.38298	5.99143e-05	3.49829e-05	3.89771e-05	0.000131931	2.04029e-05	2.12114e-05	2.08486e-05	0.44
11	11000	0.38729	6.77176	5.97943e-05	3.49086e-05	3.87714e-05	0.000131997	2.05486e-05	2.08971e-05	2.20457e-05	0.44
12	12000	0.437843	7.10636	6.984e-05	3.868e-05	4.98686e-05	0.000127	3.51429e-05	1.95971e-05	2.56943e-05	0.50
12	12000	0.437151	7.01999	6.99086e-05	3.87229e-05	4.98343e-05	0.000127049	3.41857e-05	2.03429e-05	2.56114e-05	0.49
12	12000	0.437372	6.81783	7.01429e-05	3.86971e-05	5.01029e-05	0.000126886	3.52743e-05	1.976e-05	2.46657e-05	0.48
12	12000	0.43894	7.17104	6.98543e-05	3.87457e-05	4.97286e-05	0.000127197	3.49257e-05	1.98171e-05	2.61371e-05	0.49
12	12000	0.437298	7.15667	6.98886e-05	3.86686e-05	4.98543e-05	0.00012706	3.48571e-05	1.98886e-05	2.59914e-05	0.49
12	12000	0.438484	7.14949	6.97914e-05	3.86657e-05	4.97743e-05	0.000127094	3.44171e-05	2.01571e-05	2.59686e-05	0.49
12	12000	0.438866	7.50019	6.976e-05	3.86343e-05	4.96229e-05	0.000127226	3.44286e-05	2.00171e-05	2.71343e-05	0.49
12	12000	0.438621	7.52158	6.96057e-05	3.87e-05	4.93343e-05	0.00012746	3.47314e-05	1.98371e-05	2.71286e-05	0.49
12	12000	0.438003	7.12793	6.99229e-05	3.87057e-05	4.98629e-05	0.000127066	3.42886e-05	2.02686e-05	2.59514e-05	0.49
12	12000	0.438444	7.37167	6.96629e-05	3.85971e-05	4.95371e-05	0.000127277	3.50857e-05	1.95057e-05	2.69171e-05	0.49
