N_THREADS	N_TRANSACTIONS	TIME	N_ABORTS	PROCESS_READ_TIME	PROCESS_WRITE_TIME	PROCESS_VALIDATION_TIME	PROCESS_OTHER_TIME	COMMIT_VALIDATION_TIME	COMMIT_OTHER_TIME	WASTED_TIME
1	1000	0.157675	0	4.26286e-06	3.02e-06	0	1.05657e-05	0	3.83714e-06	3.74286e-07
1	1000	0.15768	0	4.26e-06	3.02e-06	0	1.05714e-05	0	3.83714e-06	3.74286e-07
1	1000	0.157677	0	4.25714e-06	3.02286e-06	0	1.05629e-05	0	3.84286e-06	3.74286e-07
1	1000	0.15768	0	4.26571e-06	3.02286e-06	0	1.05657e-05	0	3.83714e-06	3.77143e-07
1	1000	0.157678	0	4.26e-06	3.02286e-06	0	1.05629e-05	0	3.83714e-06	3.8e-07
1	1000	0.157676	0	4.26286e-06	3.02e-06	0	1.05714e-05	0	3.83143e-06	3.74286e-07
1	1000	0.157691	0	4.26286e-06	3.02e-06	0	1.05686e-05	0	3.84e-06	3.77143e-07
1	1000	0.157681	0	4.26e-06	3.02286e-06	0	1.05657e-05	0	3.84e-06	3.77143e-07
1	1000	0.157681	0	4.26571e-06	3.02e-06	0	1.05686e-05	0	3.83429e-06	3.77143e-07
1	1000	0.157679	0	4.26286e-06	3.02286e-06	0	1.05657e-05	0	3.83714e-06	3.77143e-07
2	2000	0.157748	0.0999001	4.30571e-06	3.02e-06	5.71429e-09	1.05629e-05	0	3.83429e-06	3.85714e-07
2	2000	0.15774	0.049975	4.30571e-06	3.02e-06	8.57143e-09	1.056e-05	0	3.83714e-06	3.77143e-07
2	2000	0.157745	0.049975	4.30571e-06	3.02286e-06	5.71429e-09	1.05657e-05	0	3.83429e-06	3.8e-07
2	2000	0.157752	0.049975	4.30571e-06	3.02e-06	8.57143e-09	1.056e-05	0	3.83714e-06	3.8e-07
2	2000	0.157759	0.0999001	4.30571e-06	3.02286e-06	5.71429e-09	1.056e-05	0	3.84e-06	3.85714e-07
2	2000	0.157748	0.0999001	4.30857e-06	3.01714e-06	5.71429e-09	1.05629e-05	0	3.83714e-06	3.85714e-07
2	2000	0.157745	0.0999001	4.30286e-06	3.02e-06	5.71429e-09	1.05629e-05	0	3.83429e-06	3.85714e-07
2	2000	0.157748	0.049975	4.30571e-06	3.02e-06	5.71429e-09	1.05629e-05	0	3.83714e-06	3.77143e-07
2	2000	0.157747	0.0999001	4.30286e-06	3.02286e-06	5.71429e-09	1.056e-05	0	3.83714e-06	3.85714e-07
2	2000	0.157752	0.049975	4.30571e-06	3.02e-06	8.57143e-09	1.05629e-05	0	3.83429e-06	3.77143e-07
3	3000	0.157946	0.464499	4.30286e-06	3.02e-06	2.57143e-08	1.05886e-05	0	3.83714e-06	4.34286e-07
3	3000	0.157905	0.365327	4.30571e-06	3.01714e-06	2.85714e-08	1.05857e-05	0	3.83143e-06	4.22857e-07
3	3000	0.157949	0.464499	4.30286e-06	3.01714e-06	2.28571e-08	1.05971e-05	0	3.83429e-06	4.37143e-07
3	3000	0.15796	0.497512	4.31143e-06	3.01714e-06	2.57143e-08	1.05886e-05	0	3.83429e-06	4.45714e-07
3	3000	0.157954	0.497512	4.30571e-06	3.02e-06	2.57143e-08	1.05857e-05	0	3.83714e-06	4.37143e-07
3	3000	0.157904	0.431464	4.29714e-06	3.01714e-06	2e-08	1.05943e-05	0	3.83714e-06	4.28571e-07
3	3000	0.157938	0.464499	4.30571e-06	3.01714e-06	2.57143e-08	1.05886e-05	0	3.83143e-06	4.34286e-07
3	3000	0.157938	0.431464	4.30571e-06	3.01714e-06	2.85714e-08	1.058e-05	0	3.83143e-06	4.34286e-07
3	3000	0.157905	0.464499	4.30857e-06	3.02e-06	2.28571e-08	1.058e-05	0	3.83429e-06	4.31429e-07
3	3000	0.157907	0.431464	4.30286e-06	3.01714e-06	1.71429e-08	1.06029e-05	0	3.83429e-06	4.31429e-07
4	4000	0.157995	0.670474	4.31429e-06	3.01714e-06	4.57143e-08	1.05943e-05	0	3.84e-06	4.62857e-07
4	4000	0.157988	0.670474	4.32e-06	3.01714e-06	4e-08	1.06e-05	0	3.83429e-06	4.6e-07
4	4000	0.157974	0.670474	4.31429e-06	3.01714e-06	4e-08	1.05971e-05	0	3.83714e-06	4.62857e-07
4	4000	0.157989	0.719782	4.31714e-06	3.01429e-06	4.28571e-08	1.05971e-05	0	3.83429e-06	4.62857e-07
4	4000	0.157994	0.695134	4.32286e-06	3.01714e-06	4.85714e-08	1.05886e-05	0	3.83429e-06	4.6e-07
4	4000	0.157991	0.719782	4.31714e-06	3.01714e-06	3.71429e-08	1.06057e-05	0	3.83143e-06	4.62857e-07
4	4000	0.158001	0.719782	4.31714e-06	3.01714e-06	4.28571e-08	1.05971e-05	0	3.83429e-06	4.71429e-07
4	4000	0.157993	0.744417	4.31714e-06	3.01714e-06	4e-08	1.06e-05	0	3.83429e-06	4.71429e-07
4	4000	0.157987	0.695134	4.31429e-06	3.01714e-06	4e-08	1.06e-05	0	3.84e-06	4.62857e-07
4	4000	0.157979	0.670474	4.31714e-06	3.01714e-06	4.28571e-08	1.05914e-05	0	3.83143e-06	4.6e-07
5	5000	0.158155	1.1467	4.34857e-06	3.01429e-06	7.42857e-08	1.06114e-05	0	3.83143e-06	5.17143e-07
5	5000	0.158153	1.2053	4.35143e-06	3.01429e-06	7.71429e-08	1.06029e-05	0	3.83143e-06	5.25714e-07
5	5000	0.158166	1.28332	4.34857e-06	3.01429e-06	8e-08	1.06029e-05	0	3.83143e-06	5.37143e-07
5	5000	0.15816	1.24432	4.34286e-06	3.01429e-06	7.42857e-08	1.06086e-05	0	3.83143e-06	5.25714e-07
5	5000	0.158155	1.24432	4.35143e-06	3.01429e-06	7.71429e-08	1.05971e-05	0	3.83429e-06	5.28571e-07
5	5000	0.158148	1.18577	4.34571e-06	3.01429e-06	7.71429e-08	1.06029e-05	0	3.83143e-06	5.25714e-07
5	5000	0.158149	1.2053	4.34286e-06	3.01429e-06	7.14286e-08	1.06057e-05	0	3.83143e-06	5.31429e-07
5	5000	0.158171	1.38067	4.34857e-06	3.01429e-06	6.85714e-08	1.06086e-05	0	3.83143e-06	5.45714e-07
5	5000	0.158144	1.22481	4.34286e-06	3.01429e-06	7.71429e-08	1.05971e-05	0	3.83714e-06	5.28571e-07
5	5000	0.158163	1.32228	4.35143e-06	3.01429e-06	7.14286e-08	1.06114e-05	0	3.82857e-06	5.37143e-07
6	6000	0.158376	1.68769	4.39429e-06	3.01714e-06	1.22857e-07	1.06e-05	0	3.83429e-06	5.8e-07
6	6000	0.158389	1.76817	4.38857e-06	3.01714e-06	1.2e-07	1.06e-05	0	3.83143e-06	5.97143e-07
6	6000	0.158393	1.86457	4.38571e-06	3.01714e-06	1.2e-07	1.06057e-05	0	3.83714e-06	6.08571e-07
6	6000	0.158384	1.7038	4.38286e-06	3.01714e-06	1.22857e-07	1.06143e-05	0	3.83429e-06	5.88571e-07
6	6000	0.158385	1.75209	4.37714e-06	3.01714e-06	1.2e-07	1.06143e-05	0	3.83143e-06	6e-07
6	6000	0.158382	1.8164	4.38286e-06	3.01714e-06	1.14286e-07	1.06114e-05	0	3.83429e-06	6e-07
6	6000	0.158421	1.736	4.38857e-06	3.01714e-06	1.25714e-07	1.06171e-05	0	3.83143e-06	5.94286e-07
6	6000	0.158388	1.76817	4.38e-06	3.01714e-06	1.17143e-07	1.06171e-05	0	3.83429e-06	6e-07
6	6000	0.158379	1.8164	4.37429e-06	3.01714e-06	1.2e-07	1.06114e-05	0	3.82857e-06	5.97143e-07
6	6000	0.158386	1.78425	4.38e-06	3.01714e-06	1.22857e-07	1.06086e-05	0	3.83143e-06	6e-07
7	7000	0.159526	6.19137	4.47429e-06	3.01714e-06	2.77143e-07	1.05543e-05	1.14286e-08	3.84286e-06	1.31143e-06
7	7000	0.159457	5.77467	4.49143e-06	3.02e-06	2.94286e-07	1.05457e-05	2.85714e-09	3.84e-06	1.23714e-06
7	7000	0.159639	6.51709	4.49429e-06	3.01714e-06	3.11429e-07	1.05029e-05	5.71429e-09	3.84e-06	1.39714e-06
7	7000	0.15944	5.86337	4.49429e-06	3.02e-06	2.94286e-07	1.054e-05	2.85714e-09	3.83429e-06	1.22e-06
7	7000	0.1596	6.02765	4.48571e-06	3.02e-06	3.02857e-07	1.05229e-05	0	3.84e-06	1.31429e-06
7	7000	0.159437	5.48204	4.49143e-06	3.02e-06	2.97143e-07	1.05486e-05	2.85714e-09	3.83714e-06	1.17143e-06
7	7000	0.159493	5.96454	4.49714e-06	3.02e-06	2.97143e-07	1.05486e-05	0	3.83429e-06	1.26571e-06
7	7000	0.159551	6.49212	4.49143e-06	3.02e-06	3.08571e-07	1.05229e-05	2.85714e-09	3.84571e-06	1.32571e-06
7	7000	0.159527	6.09069	4.49143e-06	3.02e-06	2.91429e-07	1.05371e-05	0	3.83714e-06	1.32571e-06
7	7000	0.159626	6.36704	4.48571e-06	3.02e-06	2.91429e-07	1.05314e-05	5.71429e-09	3.84286e-06	1.35429e-06
8	8000	0.167038	25.6989	4.61714e-06	3.01714e-06	5.48571e-07	1.01629e-05	1.8e-07	3.85714e-06	7.37714e-06
8	8000	0.167449	25.2546	4.61429e-06	3.01714e-06	5.4e-07	1.01857e-05	1.74286e-07	3.85429e-06	7.13714e-06
8	8000	0.166998	25.5883	4.60571e-06	3.01714e-06	5.28571e-07	1.01914e-05	1.88571e-07	3.86e-06	7.23714e-06
8	8000	0.166621	25.2406	4.59714e-06	3.01714e-06	5.11429e-07	1.02314e-05	1.97143e-07	3.85429e-06	7.30571e-06
8	8000	0.166461	25.8367	4.60857e-06	3.01714e-06	5.28571e-07	1.01914e-05	1.85714e-07	3.85429e-06	7.36571e-06
8	8000	0.166519	25.616	4.59143e-06	3.01714e-06	5.2e-07	1.02229e-05	1.88571e-07	3.85714e-06	7.3e-06
8	8000	0.167086	24.3356	4.61714e-06	3.01714e-06	5.48571e-07	1.01771e-05	1.85714e-07	3.85714e-06	6.72571e-06
8	8000	0.167709	25.7196	4.60286e-06	3.01714e-06	5.22857e-07	1.02143e-05	1.74286e-07	3.85429e-06	7.31143e-06
8	8000	0.167268	26.1856	4.58857e-06	3.01714e-06	4.97143e-07	1.02257e-05	1.97143e-07	3.85429e-06	7.62e-06
8	8000	0.16676	25.0515	4.62e-06	3.01714e-06	5.45714e-07	1.01886e-05	1.74286e-07	3.85429e-06	7.16e-06
9	9000	0.174232	37.6083	4.71143e-06	3.00857e-06	7.25714e-07	9.95143e-06	3.57143e-07	3.86e-06	1.32571e-05
9	9000	0.173953	38.1911	4.71143e-06	3.00857e-06	7.2e-07	9.95429e-06	3.71429e-07	3.86e-06	1.38086e-05
9	9000	0.176082	37.3957	4.71143e-06	3.00857e-06	7.22857e-07	9.96286e-06	3.62857e-07	3.85429e-06	1.33714e-05
9	9000	0.174766	37.4435	4.70571e-06	3.00857e-06	7.14286e-07	9.97143e-06	3.6e-07	3.85714e-06	1.32914e-05
9	9000	0.173738	37.6343	4.72e-06	3.00857e-06	7.22857e-07	9.95429e-06	3.54286e-07	3.85714e-06	1.33571e-05
9	9000	0.173761	37.2822	4.71143e-06	3.00857e-06	7.4e-07	9.94857e-06	3.54286e-07	3.86e-06	1.31914e-05
9	9000	0.174203	37.8625	4.72571e-06	3.00857e-06	7.42857e-07	9.93143e-06	3.48571e-07	3.86e-06	1.34829e-05
9	9000	0.172803	37.3652	4.72571e-06	3.00857e-06	7.51429e-07	9.91714e-06	3.54286e-07	3.85714e-06	1.30829e-05
9	9000	0.173906	37.6343	4.71714e-06	3.00857e-06	7.31429e-07	9.95429e-06	3.65714e-07	3.85429e-06	1.326e-05
9	9000	0.174309	37.8753	4.70286e-06	3.00857e-06	7.34286e-07	9.94286e-06	3.4e-07	3.86286e-06	1.35971e-05
10	10000	0.181227	46.3778	4.81143e-06	3e-06	8.97143e-07	9.76571e-06	5.05714e-07	3.84571e-06	2.00143e-05
10	10000	0.180981	46.0538	4.80286e-06	3e-06	8.88571e-07	9.80571e-06	5.11429e-07	3.84571e-06	1.964e-05
10	10000	0.181584	45.8699	4.81429e-06	3e-06	9.25714e-07	9.73714e-06	4.85714e-07	3.85429e-06	1.94286e-05
10	10000	0.18141	46.4897	4.80857e-06	3e-06	9e-07	9.76e-06	4.97143e-07	3.85429e-06	1.98971e-05
10	10000	0.181317	46.3778	4.81143e-06	3.00286e-06	9.17143e-07	9.75143e-06	4.88571e-07	3.86e-06	1.99486e-05
10	10000	0.180495	45.7318	4.81429e-06	3e-06	9.14286e-07	9.76e-06	4.97143e-07	3.85714e-06	1.93171e-05
10	10000	0.180598	46.0218	4.81143e-06	3e-06	9.17143e-07	9.73429e-06	5e-07	3.86e-06	1.948e-05
10	10000	0.182308	46.3203	4.80857e-06	3.00286e-06	9.02857e-07	9.74e-06	4.97143e-07	3.85429e-06	1.99114e-05
10	10000	0.180339	46.3864	4.80857e-06	3e-06	9.05714e-07	9.76e-06	5.11429e-07	3.85714e-06	1.98971e-05
10	10000	0.181685	46.3749	4.81429e-06	3e-06	9e-07	9.76571e-06	5e-07	3.84857e-06	1.99571e-05
11	11000	0.18815	52.3974	4.90571e-06	3.01714e-06	1.08571e-06	9.55429e-06	6.37143e-07	3.83429e-06	2.616e-05
11	11000	0.18733	52.2984	4.90857e-06	3.01714e-06	1.08571e-06	9.56857e-06	6.25714e-07	3.84571e-06	2.58771e-05
11	11000	0.188538	52.6495	4.92857e-06	3.01714e-06	1.11429e-06	9.52286e-06	5.88571e-07	3.84571e-06	2.646e-05
11	11000	0.188236	52.6189	4.89429e-06	3.01714e-06	1.02857e-06	9.61143e-06	6.42857e-07	3.84571e-06	2.642e-05
11	11000	0.187723	51.9839	4.92286e-06	3.01714e-06	1.09143e-06	9.55714e-06	6.37143e-07	3.84571e-06	2.57114e-05
11	11000	0.188646	52.625	4.90286e-06	3.01714e-06	1.08e-06	9.57143e-06	6.2e-07	3.84e-06	2.65114e-05
11	11000	0.187128	52.0133	4.90857e-06	3.01714e-06	1.06571e-06	9.57143e-06	6.45714e-07	3.83429e-06	2.554e-05
11	11000	0.188462	52.5043	4.90286e-06	3.01714e-06	1.08286e-06	9.56286e-06	6.34286e-07	3.83714e-06	2.61686e-05
11	11000	0.188015	52.4119	4.89714e-06	3.01714e-06	1.08571e-06	9.56e-06	6.28571e-07	3.84286e-06	2.59829e-05
11	11000	0.188704	52.5699	4.89429e-06	3.01714e-06	1.06e-06	9.59429e-06	6.54286e-07	3.82857e-06	2.62343e-05
12	12000	0.210002	57.4347	5.34e-06	3.25714e-06	1.30857e-06	1.01857e-05	7.74286e-07	4.02571e-06	3.55229e-05
12	12000	0.209883	57.3015	5.34286e-06	3.25714e-06	1.31429e-06	1.01714e-05	7.28571e-07	4.05429e-06	3.52714e-05
12	12000	0.21261	57.7584	5.33429e-06	3.25714e-06	1.29429e-06	1.02086e-05	7.65714e-07	4.04286e-06	3.61e-05
12	12000	0.209325	57.4121	5.34286e-06	3.25714e-06	1.30857e-06	1.018e-05	7.77143e-07	4.02857e-06	3.52886e-05
12	12000	0.210652	57.7316	5.33429e-06	3.25714e-06	1.32e-06	1.01514e-05	7.45714e-07	4.04e-06	3.59114e-05
12	12000	0.210847	57.5266	5.33143e-06	3.25714e-06	1.29429e-06	1.01943e-05	7.8e-07	4.03429e-06	3.55486e-05
12	12000	0.209329	57.4483	5.34e-06	3.25714e-06	1.29714e-06	1.01857e-05	7.65714e-07	4.04286e-06	3.54057e-05
12	12000	0.209134	57.4679	5.34571e-06	3.25714e-06	1.31143e-06	1.01829e-05	7.6e-07	4.04286e-06	3.51743e-05
12	12000	0.212831	57.4468	5.32286e-06	3.25714e-06	1.27714e-06	1.02029e-05	7.77143e-07	4.04e-06	3.54314e-05
12	12000	0.210522	57.4257	5.32857e-06	3.25714e-06	1.29714e-06	1.01971e-05	7.65714e-07	4.04571e-06	3.546e-05
