N_THREADS	N_TRANSACTIONS	TIME	N_ABORTS	PROCESS_READ_TIME	PROCESS_WRITE_TIME	PROCESS_VALIDATION_TIME	PROCESS_OTHER_TIME	COMMIT_VALIDATION_TIME	COMMIT_OTHER_TIME	WASTED_TIME
1	100	0.00951845	0	1.67743e-05	9.65714e-07	0	1.62486e-05	1.54286e-07	1.10857e-06	1.15714e-06
1	100	0.00951945	0	1.68e-05	9.62857e-07	0	1.62429e-05	1.54286e-07	1.10571e-06	1.16286e-06
1	100	0.00951863	0	1.67971e-05	9.68571e-07	0	1.62343e-05	1.54286e-07	1.10286e-06	1.16286e-06
1	100	0.00951493	0	1.67714e-05	9.65714e-07	0	1.62343e-05	1.57143e-07	1.10286e-06	1.16e-06
1	100	0.00951241	0	1.67629e-05	9.48571e-07	0	1.62314e-05	1.54286e-07	1.10286e-06	1.16286e-06
1	100	0.00951515	0	1.67914e-05	9.48571e-07	0	1.62314e-05	1.54286e-07	1.10286e-06	1.16286e-06
1	100	0.00951877	0	1.68143e-05	9.57143e-07	0	1.62429e-05	1.54286e-07	1.10571e-06	1.16286e-06
1	100	0.0095131	0	1.676e-05	9.54286e-07	0	1.62371e-05	1.57143e-07	1.10286e-06	1.16571e-06
1	100	0.00951909	0	1.68086e-05	9.6e-07	0	1.62343e-05	1.54286e-07	1.10286e-06	1.16571e-06
1	100	0.00951698	0	1.67914e-05	9.54286e-07	0	1.62371e-05	1.54286e-07	1.10571e-06	1.16e-06
2	200	0.0101925	2.91262	1.79857e-05	9.71429e-07	3.08571e-07	1.68857e-05	4.17143e-07	1.10857e-06	2.80857e-06
2	200	0.0101925	2.91262	1.80029e-05	9.68571e-07	3.08571e-07	1.688e-05	4.17143e-07	1.10857e-06	2.81143e-06
2	200	0.0101935	2.91262	1.80143e-05	9.68571e-07	3.08571e-07	1.68829e-05	4.14286e-07	1.11143e-06	2.8e-06
2	200	0.010171	3.84615	1.804e-05	9.62857e-07	3.34286e-07	1.68429e-05	3.91429e-07	1.11143e-06	3.58857e-06
2	200	0.010191	2.91262	1.80257e-05	9.74286e-07	2.85714e-07	1.68971e-05	4.14286e-07	1.11143e-06	2.8e-06
2	200	0.0101598	3.84615	1.79657e-05	9.77143e-07	3.14286e-07	1.68686e-05	3.88571e-07	1.11143e-06	3.58e-06
2	200	0.0101671	4.30622	1.79943e-05	9.74286e-07	3.28571e-07	1.68543e-05	3.51429e-07	1.10857e-06	3.65143e-06
2	200	0.010167	3.84615	1.80029e-05	9.71429e-07	3.37143e-07	1.68429e-05	3.88571e-07	1.11143e-06	3.58286e-06
2	200	0.0101688	3.84615	1.80086e-05	9.65714e-07	3.37143e-07	1.68429e-05	3.91429e-07	1.10857e-06	3.59429e-06
2	200	0.0101659	4.30622	1.79686e-05	9.8e-07	3.28571e-07	1.68514e-05	3.51429e-07	1.11429e-06	3.64571e-06
3	300	0.0105096	8.81459	1.85686e-05	1.04571e-06	3.51429e-07	1.74029e-05	7.68571e-07	1.15143e-06	5.44e-06
3	300	0.0105887	8.81459	1.86086e-05	1.04571e-06	3.71429e-07	1.73857e-05	8.28571e-07	1.15714e-06	5.77429e-06
3	300	0.0106219	12.2807	1.84771e-05	1.04857e-06	3.8e-07	1.72343e-05	8.2e-07	1.15143e-06	7.08571e-06
3	300	0.0109296	10.7143	1.84686e-05	1.04571e-06	4.05714e-07	1.722e-05	7.91429e-07	1.15143e-06	7.04857e-06
3	300	0.010576	9.36556	1.85714e-05	1.04571e-06	3.25714e-07	1.74e-05	8.31429e-07	1.15714e-06	6.05143e-06
3	300	0.0106364	10.4478	1.85229e-05	1.04857e-06	3.97143e-07	1.72743e-05	8.82857e-07	1.14857e-06	6.41429e-06
3	300	0.0109345	12.0235	1.84714e-05	1.05143e-06	3.71429e-07	1.72457e-05	8.17143e-07	1.15429e-06	8.04e-06
3	300	0.0105864	9.36556	1.85771e-05	1.03714e-06	3.68571e-07	1.73486e-05	7.85714e-07	1.15429e-06	6.11714e-06
3	300	0.0108203	10.9792	1.848e-05	1.04571e-06	4.34286e-07	1.72114e-05	8.34286e-07	1.15429e-06	6.80857e-06
3	300	0.0104991	9.09091	1.85086e-05	1.05143e-06	4e-07	1.72857e-05	8.45714e-07	1.15429e-06	6.17143e-06
4	400	0.0114087	18.0328	1.84943e-05	1.05143e-06	6.22857e-07	1.69914e-05	1.04571e-06	1.15714e-06	1.29086e-05
4	400	0.0116759	20	1.84543e-05	1.05714e-06	4.68571e-07	1.716e-05	1.00857e-06	1.15429e-06	1.46629e-05
4	400	0.012124	21.5686	1.88371e-05	1.06571e-06	5.48571e-07	1.73943e-05	1.07429e-06	1.15714e-06	1.636e-05
4	400	0.011551	21.5686	1.86057e-05	1.06286e-06	4.31429e-07	1.73286e-05	9.68571e-07	1.15714e-06	1.40514e-05
4	400	0.0119436	20.6349	1.88029e-05	1.06e-06	5.62857e-07	1.734e-05	1.18571e-06	1.16571e-06	1.47657e-05
4	400	0.0121437	23.0769	1.85571e-05	1.04857e-06	4.65714e-07	1.72e-05	1.04286e-06	1.16e-06	1.67543e-05
4	400	0.011822	20.9486	1.85171e-05	1.05429e-06	6e-07	1.70457e-05	1.05429e-06	1.15714e-06	1.48343e-05
4	400	0.012498	21.5686	1.878e-05	1.05714e-06	6.2e-07	1.722e-05	1.17429e-06	1.15714e-06	1.61057e-05
4	400	0.0114597	19.5171	1.86e-05	1.05714e-06	5.51429e-07	1.716e-05	1.07143e-06	1.15714e-06	1.25629e-05
4	400	0.0116217	19.8397	1.856e-05	1.04571e-06	5.82857e-07	1.70829e-05	1.07143e-06	1.15714e-06	1.34857e-05
5	500	0.0132369	30.6519	1.90857e-05	1.07143e-06	6.48571e-07	1.74857e-05	1.41143e-06	1.16571e-06	2.59714e-05
5	500	0.0124875	25.816	1.89543e-05	1.06857e-06	6.37143e-07	1.73943e-05	1.22286e-06	1.16857e-06	1.98686e-05
5	500	0.013215	28.1609	1.90457e-05	1.06571e-06	5.17143e-07	1.76114e-05	1.36857e-06	1.16857e-06	2.34714e-05
5	500	0.0128236	27.6411	1.882e-05	1.06e-06	5.68571e-07	1.734e-05	1.3e-06	1.16286e-06	2.19886e-05
5	500	0.0134292	27.3256	1.90114e-05	1.06857e-06	6.68571e-07	1.73943e-05	1.32571e-06	1.16571e-06	2.28657e-05
5	500	0.0129163	28.8762	1.90057e-05	1.07143e-06	6.34286e-07	1.74257e-05	1.34e-06	1.16857e-06	2.28143e-05
5	500	0.012686	28.4692	1.89743e-05	1.07143e-06	6.4e-07	1.73886e-05	1.28857e-06	1.17143e-06	2.308e-05
5	500	0.0129403	27.9539	1.902e-05	1.07143e-06	6.37143e-07	1.742e-05	1.32571e-06	1.16571e-06	2.35229e-05
5	500	0.0127845	27.6411	1.88229e-05	1.06e-06	7.05714e-07	1.71971e-05	1.32e-06	1.16286e-06	2.29943e-05
5	500	0.0126168	26.4706	1.88429e-05	1.06e-06	5.25714e-07	1.73829e-05	1.20857e-06	1.15714e-06	2.042e-05
6	600	0.0150379	33.9934	1.91543e-05	1.03429e-06	7.6e-07	1.73714e-05	1.37429e-06	1.14286e-06	3.09171e-05
6	600	0.0149979	33.1104	1.914e-05	1.03429e-06	6.88571e-07	1.74429e-05	1.39714e-06	1.14571e-06	3.16343e-05
6	600	0.0150534	34.1383	1.90829e-05	1.04e-06	6.85714e-07	1.73657e-05	1.46286e-06	1.14857e-06	3.25286e-05
6	600	0.0147117	35.3448	1.95457e-05	1.06857e-06	8.05714e-07	1.76686e-05	1.69143e-06	1.16286e-06	3.38886e-05
6	600	0.0154752	35.4144	1.95143e-05	1.06857e-06	7.57143e-07	1.77e-05	1.53143e-06	1.16e-06	3.41514e-05
6	600	0.0142668	34.4262	1.91286e-05	1.06286e-06	7.6e-07	1.73886e-05	1.61143e-06	1.16e-06	3.11457e-05
6	600	0.0146493	36.5751	1.962e-05	1.06286e-06	7.8e-07	1.77571e-05	1.54286e-06	1.16286e-06	3.52829e-05
6	600	0.0140688	35.2751	1.936e-05	1.03429e-06	7.82857e-07	1.75143e-05	1.42286e-06	1.14e-06	3.34229e-05
6	600	0.0146671	37.2385	1.92657e-05	1.06286e-06	8.11429e-07	1.74457e-05	1.53714e-06	1.16e-06	3.57657e-05
6	600	0.0153552	35.3448	1.91486e-05	1.05143e-06	7.48571e-07	1.74114e-05	1.46857e-06	1.15429e-06	3.41857e-05
7	700	0.0177677	39.6031	1.96571e-05	1.04286e-06	8.4e-07	1.77114e-05	1.75714e-06	1.14571e-06	4.50571e-05
7	700	0.0183095	39.759	1.97971e-05	1.04e-06	8.51429e-07	1.77971e-05	1.72e-06	1.14571e-06	4.37886e-05
7	700	0.0160166	42.1009	1.994e-05	1.04286e-06	8.97143e-07	1.79057e-05	1.85143e-06	1.14857e-06	4.70657e-05
7	700	0.0184881	40.1198	1.96857e-05	1.03143e-06	7.77143e-07	1.77943e-05	1.63714e-06	1.14286e-06	4.48429e-05
7	700	0.0179875	41.4716	1.96543e-05	1.04286e-06	8.6e-07	1.76971e-05	1.63143e-06	1.14857e-06	4.73257e-05
7	700	0.0168344	39.6031	1.97914e-05	1.04857e-06	8.97143e-07	1.77714e-05	1.81429e-06	1.14857e-06	4.27914e-05
7	700	0.0166101	40.1709	1.94657e-05	1.04286e-06	8.11429e-07	1.75714e-05	1.67714e-06	1.15143e-06	4.26143e-05
7	700	0.0165842	39.1833	1.94257e-05	1.04571e-06	9.05714e-07	1.744e-05	1.65429e-06	1.14857e-06	4.23343e-05
7	700	0.0161148	42.3868	1.986e-05	1.04286e-06	8.48571e-07	1.78686e-05	1.70286e-06	1.14571e-06	4.84371e-05
7	700	0.017781	42.7637	1.96971e-05	1.03143e-06	7.45714e-07	1.78314e-05	1.72571e-06	1.14571e-06	4.98857e-05
8	800	0.0189712	45.4297	2.01314e-05	1.04e-06	8.37143e-07	1.80914e-05	1.90571e-06	1.13714e-06	5.68657e-05
8	800	0.0201349	46.9848	1.98971e-05	1.04857e-06	8.54286e-07	1.788e-05	1.82571e-06	1.15143e-06	6.224e-05
8	800	0.0189722	45.8362	1.92686e-05	1.03429e-06	8.14286e-07	1.73857e-05	1.73714e-06	1.14571e-06	5.64057e-05
8	800	0.019333	48.6521	1.97829e-05	1.04286e-06	8.11429e-07	1.78486e-05	1.91714e-06	1.14571e-06	6.68429e-05
8	800	0.0192012	46.1642	1.99e-05	1.02286e-06	8.2e-07	1.79057e-05	1.82286e-06	1.14e-06	5.76571e-05
8	800	0.0184089	44.4444	1.994e-05	1.02571e-06	8.25714e-07	1.79257e-05	1.76e-06	1.14e-06	5.61571e-05
8	800	0.020531	43.7016	2.02514e-05	1.02e-06	9.17143e-07	1.80886e-05	1.73143e-06	1.13429e-06	5.574e-05
8	800	0.0197037	45.4669	2.03371e-05	1.02857e-06	9.2e-07	1.81629e-05	1.8e-06	1.13714e-06	5.712e-05
8	800	0.0189289	45.6152	1.92486e-05	1.04571e-06	8.37143e-07	1.73714e-05	1.79143e-06	1.14286e-06	5.69371e-05
8	800	0.0195255	46.4883	1.95629e-05	1.02286e-06	7.2e-07	1.774e-05	1.73714e-06	1.13714e-06	5.996e-05
9	900	0.0195058	50.1937	1.992e-05	1.04e-06	9.82857e-07	1.77571e-05	1.94e-06	1.13714e-06	6.91543e-05
9	900	0.0207114	48.7472	2.00971e-05	1.03429e-06	9.62857e-07	1.79171e-05	2.00286e-06	1.14286e-06	6.75829e-05
9	900	0.0219495	49.9722	2.01886e-05	1.02571e-06	8.48571e-07	1.81143e-05	1.88857e-06	1.13429e-06	7.32286e-05
9	900	0.0197336	48.542	1.958e-05	1.02e-06	9.65714e-07	1.74543e-05	1.86571e-06	1.12857e-06	6.592e-05
9	900	0.0217605	49.8607	1.97629e-05	1.03429e-06	8e-07	1.78171e-05	1.85714e-06	1.13714e-06	7.05343e-05
9	900	0.0214501	48.7763	1.99657e-05	1.01143e-06	8.74286e-07	1.78714e-05	1.76571e-06	1.12286e-06	6.73371e-05
9	900	0.0219033	51.4301	2.046e-05	1.00857e-06	9.28571e-07	1.824e-05	1.83714e-06	1.13429e-06	7.30143e-05
9	900	0.0215569	52.9535	2.00857e-05	1.02e-06	8.28571e-07	1.80371e-05	1.82286e-06	1.12857e-06	7.896e-05
9	900	0.0228514	49.7207	2.022e-05	1.04571e-06	9.8e-07	1.80257e-05	1.89429e-06	1.14857e-06	7.06829e-05
9	900	0.0216164	51.1931	1.98943e-05	1.03714e-06	8.82857e-07	1.78429e-05	1.94286e-06	1.14286e-06	7.45143e-05
10	1000	0.0231931	53.8958	2.04943e-05	1.02286e-06	9e-07	1.82886e-05	2.00571e-06	1.12857e-06	8.44914e-05
10	1000	0.0231632	52.8746	2.04143e-05	1.02571e-06	1.02e-06	1.812e-05	1.91143e-06	1.13714e-06	8.242e-05
10	1000	0.0230051	52.5392	2.05029e-05	9.94286e-07	9.68571e-07	1.82171e-05	1.96286e-06	1.12286e-06	8.24e-05
10	1000	0.0251313	54.5661	2.03714e-05	1.01429e-06	9.25714e-07	1.81886e-05	1.92286e-06	1.13429e-06	8.92543e-05
10	1000	0.0252436	52.9633	2.03886e-05	9.97143e-07	8.91429e-07	1.82057e-05	1.86857e-06	1.12e-06	8.418e-05
10	1000	0.0234976	54.4627	2.02771e-05	1.00571e-06	9.6e-07	1.80514e-05	1.96e-06	1.12857e-06	8.70486e-05
10	1000	0.0254467	51.4799	2.082e-05	1.00286e-06	1.02286e-06	1.84343e-05	1.92857e-06	1.12e-06	7.81029e-05
10	1000	0.0250086	53.0075	2.06143e-05	1.02e-06	8.4e-07	1.84629e-05	1.90857e-06	1.13429e-06	8.44143e-05
10	1000	0.0234987	53.5963	2.04457e-05	1.02571e-06	9.82857e-07	1.81714e-05	2.02e-06	1.13429e-06	8.954e-05
10	1000	0.0275634	54.4211	2.03886e-05	9.94286e-07	8.2e-07	1.83086e-05	1.88286e-06	1.12286e-06	9.02057e-05
11	1100	0.0264832	55.6273	2.03743e-05	1.01143e-06	9.77143e-07	1.81057e-05	1.92286e-06	1.12857e-06	9.33629e-05
11	1100	0.0260401	56.5217	2.09229e-05	1.01143e-06	8.97143e-07	1.86514e-05	1.95714e-06	1.12857e-06	9.65686e-05
11	1100	0.0289954	57.9992	2.194e-05	1.01714e-06	1.03714e-06	1.938e-05	2.15143e-06	1.12571e-06	0.000104217
11	1100	0.0242863	55.9295	2.02029e-05	9.88571e-07	9.57143e-07	1.798e-05	1.90571e-06	1.11143e-06	9.43286e-05
11	1100	0.0255856	57.6597	2.028e-05	1.01714e-06	9.17143e-07	1.81286e-05	1.96857e-06	1.12286e-06	0.000101437
11	1100	0.0266415	55.5914	2.16743e-05	9.94286e-07	1.09143e-06	1.908e-05	2.03714e-06	1.11714e-06	9.42143e-05
11	1100	0.0265503	58.4121	2.04171e-05	1.02286e-06	9.88571e-07	1.81657e-05	1.97143e-06	1.12857e-06	0.000105846
11	1100	0.0258539	57.3147	2.12114e-05	1.02e-06	9.97143e-07	1.878e-05	2.08571e-06	1.12286e-06	9.96943e-05
11	1100	0.0255108	55.6452	2.13343e-05	1.00571e-06	9.88571e-07	1.88914e-05	1.98286e-06	1.12286e-06	9.47229e-05
11	1100	0.0255404	57.4797	2.11686e-05	1.02571e-06	1.14e-06	1.862e-05	2.01714e-06	1.13429e-06	0.000101326
12	1200	0.032394	57.88	2.16314e-05	1.01714e-06	9.6e-07	1.92371e-05	1.94286e-06	1.15429e-06	0.000114474
12	1200	0.0283838	58.5349	2.21629e-05	1.01714e-06	1.08857e-06	1.94971e-05	2.08857e-06	1.14571e-06	0.000111586
12	1200	0.0319377	59.1002	2.22143e-05	1.06e-06	1.05429e-06	1.96286e-05	2.09429e-06	1.16571e-06	0.000119326
12	1200	0.0302473	60.4743	2.22829e-05	1.04e-06	1.04e-06	1.97143e-05	2.14571e-06	1.15714e-06	0.000123583
12	1200	0.0287637	59.6639	2.14229e-05	1.04e-06	1.12e-06	1.89086e-05	2.13143e-06	1.16e-06	0.000115594
12	1200	0.02791	59.596	2.20857e-05	1.03143e-06	9.91429e-07	1.95714e-05	2.19429e-06	1.16286e-06	0.000119097
12	1200	0.0314786	59.1837	2.13743e-05	1.05429e-06	9.94286e-07	1.9e-05	2.00286e-06	1.16857e-06	0.000118954
12	1200	0.0279221	58.89	2.17314e-05	1.04286e-06	1.07429e-06	1.92171e-05	2.11143e-06	1.17143e-06	0.000116269
12	1200	0.0286347	58.159	2.20543e-05	1.03429e-06	1.16571e-06	1.93829e-05	2.12286e-06	1.15429e-06	0.000111543
12	1200	0.0289759	61.5014	2.15229e-05	1.05143e-06	1.00571e-06	1.91029e-05	2.08286e-06	1.17143e-06	0.000127874
