N_THREADS	N_TRANSACTIONS	TIME	N_ABORTS	PROCESS_READ_TIME	PROCESS_WRITE_TIME	PROCESS_VALIDATION_TIME	PROCESS_OTHER_TIME	COMMIT_VALIDATION_TIME	COMMIT_OTHER_TIME	WASTED_TIME
1	100	0.0169632	0	5.86286e-05	3.46857e-06	0	3.72943e-05	2.97143e-07	3.78286e-06	2.46857e-06	0.50
1	100	0.0169606	0	5.85971e-05	3.47143e-06	0	3.73629e-05	2.85714e-07	3.74286e-06	2.46286e-06	0.41
1	100	0.0169583	0	5.85771e-05	3.47143e-06	0	3.73086e-05	2.94286e-07	3.77143e-06	2.46857e-06	0.41
1	100	0.0169575	0	5.85771e-05	3.46857e-06	0	3.72886e-05	2.88571e-07	3.76857e-06	2.46571e-06	0.41
1	100	0.0169549	0	5.85543e-05	3.48e-06	0	3.73257e-05	2.88571e-07	3.74286e-06	2.47714e-06	0.41
1	100	0.0169572	0	5.856e-05	3.47429e-06	0	3.73429e-05	2.94286e-07	3.76e-06	2.47429e-06	0.41
1	100	0.01696	0	5.85629e-05	3.46e-06	0	3.73629e-05	2.97143e-07	3.76e-06	2.46571e-06	0.41
1	100	0.0169614	0	5.85857e-05	3.47429e-06	0	3.73257e-05	3e-07	3.77429e-06	2.46571e-06	0.40
1	100	0.0169531	0	5.85286e-05	3.47429e-06	0	3.73343e-05	2.94286e-07	3.76286e-06	2.47143e-06	0.41
1	100	0.0169616	0	5.85829e-05	3.46857e-06	0	3.73314e-05	3.02857e-07	3.76857e-06	2.47143e-06	0.41
2	200	0.0198427	5.66038	6.55343e-05	3.73714e-06	1.94e-06	3.90229e-05	1.66857e-06	3.94857e-06	1.23857e-05	0.43
2	200	0.020494	8.6758	6.52543e-05	3.72571e-06	1.71143e-06	3.91e-05	1.94286e-06	3.96e-06	1.71457e-05	0.42
2	200	0.0204101	7.8341	6.53457e-05	3.75143e-06	1.76e-06	3.90571e-05	1.76286e-06	3.96e-06	1.63714e-05	0.42
2	200	0.0201805	7.40741	6.51857e-05	3.73714e-06	1.84e-06	3.89429e-05	1.90857e-06	3.94e-06	1.40457e-05	0.41
2	200	0.0204106	7.8341	6.52514e-05	3.74e-06	1.76571e-06	3.90686e-05	1.81143e-06	3.96286e-06	1.63771e-05	0.42
2	200	0.0193617	6.54206	6.52914e-05	3.72286e-06	1.66286e-06	3.91714e-05	1.41714e-06	3.95714e-06	1.26686e-05	0.42
2	200	0.0197338	5.66038	6.55771e-05	3.73143e-06	1.65429e-06	3.93771e-05	1.61429e-06	3.94857e-06	1.15343e-05	0.42
2	200	0.0198299	6.97674	6.53914e-05	3.72857e-06	1.56571e-06	3.93286e-05	1.73429e-06	3.95143e-06	1.28686e-05	0.42
2	200	0.0196786	4.7619	6.552e-05	3.72857e-06	1.92e-06	3.90371e-05	1.57429e-06	3.96571e-06	1.08286e-05	0.42
2	200	0.0201472	5.66038	6.54314e-05	3.74e-06	1.98e-06	3.89029e-05	1.64857e-06	3.95143e-06	1.21457e-05	0.42
3	300	0.0257722	20.2128	7.232e-05	4.33143e-06	2.36286e-06	4.18743e-05	3.46286e-06	4.38286e-06	4.562e-05	0.52
3	300	0.0246395	18.0328	7.26686e-05	4.36571e-06	2.20857e-06	4.22143e-05	3.77429e-06	4.4e-06	4.106e-05	0.43
3	300	0.025979	21.875	7.20286e-05	4.34571e-06	1.88571e-06	4.22829e-05	3.30571e-06	4.36e-06	5.18229e-05	0.43
3	300	0.0246139	20.4244	7.33486e-05	4.38286e-06	2.24286e-06	4.25771e-05	3.55429e-06	4.4e-06	4.79914e-05	0.43
3	300	0.0254375	20.2128	7.24714e-05	4.36286e-06	2.34286e-06	4.20971e-05	3.32e-06	4.39143e-06	4.33086e-05	0.43
3	300	0.0270256	25	7.27457e-05	4.39429e-06	2.15143e-06	4.22486e-05	3.94571e-06	4.4e-06	6.20029e-05	0.43
3	300	0.0252698	20.8443	7.286e-05	4.37714e-06	2.42857e-06	4.20771e-05	3.70286e-06	4.39714e-06	4.94771e-05	0.43
3	300	0.0250163	18.4783	7.25743e-05	4.33714e-06	2.37714e-06	4.20771e-05	3.63429e-06	4.37143e-06	4.17229e-05	0.43
3	300	0.0251716	20.4244	7.30514e-05	4.41143e-06	2.62571e-06	4.20286e-05	3.91143e-06	4.39714e-06	4.49457e-05	0.43
3	300	0.0248268	19.7861	7.29571e-05	4.39429e-06	2.65143e-06	4.19e-05	4.01714e-06	4.38571e-06	4.20914e-05	0.43
4	400	0.0349572	32.2034	8.22114e-05	5.08e-06	3.13429e-06	4.55886e-05	5.70571e-06	4.95143e-06	9.85286e-05	0.61
4	400	0.0351573	32.4324	8.22143e-05	5.08571e-06	3.42857e-06	4.54143e-05	5.89714e-06	4.98e-06	9.65857e-05	0.51
4	400	0.0344102	32.5464	8.24971e-05	5.04571e-06	2.31714e-06	4.65686e-05	4.95143e-06	4.95143e-06	9.84914e-05	0.51
4	400	0.0335113	32.9983	8.31686e-05	5.15143e-06	2.99429e-06	4.63314e-05	5.11429e-06	4.98857e-06	0.000101343	0.52
4	400	0.0328	31.5068	8.174e-05	4.99429e-06	3.00571e-06	4.57457e-05	6.03143e-06	4.92857e-06	8.98029e-05	0.51
4	400	0.0341724	34.4262	8.19314e-05	5.06e-06	3.2e-06	4.55571e-05	5.53429e-06	4.98857e-06	0.000104197	0.52
4	400	0.0327677	30.0699	8.182e-05	4.98857e-06	2.87714e-06	4.568e-05	5.56571e-06	4.90286e-06	8.68657e-05	0.52
4	400	0.033704	31.2715	8.198e-05	4.97714e-06	3.26e-06	4.53371e-05	5.76857e-06	4.90286e-06	9.53086e-05	0.51
4	400	0.0327514	32.6599	8.292e-05	5.20571e-06	3.97429e-06	4.51086e-05	5.97429e-06	5.00571e-06	9.68686e-05	0.51
4	400	0.0337051	31.6239	8.214e-05	5.05143e-06	3.59143e-06	4.51229e-05	6.15714e-06	5.00286e-06	9.86971e-05	0.52
5	500	0.0469208	42.1965	9.67486e-05	5.95429e-06	3.44286e-06	5.23143e-05	7.25429e-06	5.65143e-06	0.000187211	0.72
5	500	0.0467644	44.009	9.79257e-05	6.08571e-06	3.74286e-06	5.24914e-05	7.58e-06	5.78286e-06	0.000198934	0.62
5	500	0.048577	42.3299	9.57543e-05	5.95714e-06	3.59143e-06	5.16629e-05	7.18286e-06	5.66571e-06	0.000190611	0.62
5	500	0.0464197	40.9681	9.76029e-05	6.00286e-06	3.32571e-06	5.27743e-05	7.14e-06	5.68857e-06	0.000175014	0.63
5	500	0.0459539	40.6176	9.65286e-05	6.09143e-06	3.79143e-06	5.198e-05	8.22571e-06	5.76286e-06	0.000171503	0.63
5	500	0.0467655	41.0377	9.59457e-05	6.02571e-06	3.94857e-06	5.15257e-05	7.63143e-06	5.73429e-06	0.000173151	0.63
5	500	0.0488474	42.0626	9.56743e-05	5.82857e-06	3.33429e-06	5.18857e-05	6.6e-06	5.63143e-06	0.000183017	0.63
5	500	0.0489054	42.7918	9.43629e-05	5.97429e-06	3.44571e-06	5.11914e-05	6.82e-06	5.63714e-06	0.000182563	0.63
5	500	0.0468403	42.7262	9.99143e-05	6.12857e-06	3.90286e-06	5.31943e-05	7.44857e-06	5.87143e-06	0.00019216	0.63
5	500	0.0478961	42.8571	9.68971e-05	6.10857e-06	3.45429e-06	5.21429e-05	7.16571e-06	5.78571e-06	0.000190474	0.63
6	600	0.0636011	44.8022	0.00011086	6.65143e-06	4.72286e-06	5.75829e-05	8.79143e-06	6.34286e-06	0.000248251	0.84
6	600	0.0640599	49.5374	0.000112226	7.1e-06	3.62e-06	5.93114e-05	8.92286e-06	6.65714e-06	0.000301731	0.75
6	600	0.0637321	46.9496	0.000114474	6.95143e-06	5.06e-06	5.88771e-05	9.65714e-06	6.50571e-06	0.00026154	0.75
6	600	0.0628645	47.7352	0.000114343	6.85714e-06	4.86857e-06	5.88943e-05	8.37714e-06	6.49714e-06	0.000265583	0.74
6	600	0.0661738	50	0.000115411	6.97714e-06	3.71143e-06	6.06657e-05	8.48571e-06	6.56571e-06	0.000307334	0.74
6	600	0.0695811	47.8261	0.000110837	6.75714e-06	3.58857e-06	5.88057e-05	8.62857e-06	6.34e-06	0.000285786	0.75
6	600	0.0611853	47.4145	0.000116129	7.03143e-06	4.48e-06	6.024e-05	9.37429e-06	6.67429e-06	0.00026364	0.74
6	600	0.065149	49.2815	0.000116743	7.01143e-06	4.82e-06	6.02629e-05	8.95714e-06	6.59143e-06	0.000297463	0.74
6	600	0.0634866	49.8747	0.000117263	7.1e-06	4.94286e-06	6.04257e-05	9.95143e-06	6.67714e-06	0.000297463	0.75
6	600	0.0686493	51.3776	0.000113923	6.87429e-06	3.86571e-06	5.99371e-05	8.73714e-06	6.50857e-06	0.000316871	0.75
7	700	0.0832278	51.6908	0.00012642	7.67429e-06	5.27429e-06	6.40343e-05	9.95429e-06	7.16e-06	0.000384569	0.88
7	700	0.0795499	52.0876	0.000128906	7.44e-06	5.09143e-06	6.51371e-05	1.02829e-05	7.14e-06	0.000367017	0.85
7	700	0.0834604	53.271	0.000131891	7.83714e-06	5.16286e-06	6.67829e-05	1.11571e-05	7.36286e-06	0.000412049	0.87
7	700	0.079364	51.2535	0.000134	7.6e-06	5.52571e-06	6.70771e-05	1.04914e-05	7.42857e-06	0.000374134	0.86
7	700	0.0809642	51.1855	0.000129403	7.77429e-06	5.54286e-06	6.52e-05	1.11743e-05	7.32e-06	0.000378714	0.87
7	700	0.0771006	50.4249	0.000122837	7.51429e-06	4.65714e-06	6.284e-05	9.89714e-06	7.14286e-06	0.000346266	0.86
7	700	0.0839283	51.9231	0.000127454	7.6e-06	5.26e-06	6.44943e-05	1.08371e-05	7.13429e-06	0.000388103	0.87
7	700	0.085313	53.8259	0.000131849	7.87429e-06	4.48e-06	6.74029e-05	1.114e-05	7.44857e-06	0.000425211	0.86
7	700	0.0791967	52.1531	0.000128271	7.67714e-06	4.46286e-06	6.56514e-05	1.01029e-05	7.20571e-06	0.000384414	0.86
7	700	0.0856855	54.2484	0.000131103	7.81143e-06	4.25714e-06	6.71343e-05	1.03171e-05	7.40857e-06	0.000433194	0.87
8	800	0.100906	57.1734	0.000139546	8.56286e-06	4.4e-06	7.09371e-05	1.09543e-05	8.07714e-06	0.000538697	1.00
8	800	0.0999043	56.1163	0.000143843	8.48857e-06	6.04286e-06	7.12371e-05	1.14057e-05	8.10286e-06	0.000528283	1.00
8	800	0.105317	58.8689	0.000148043	8.76571e-06	5.26e-06	7.40057e-05	1.17371e-05	8.32857e-06	0.000588357	1.00
8	800	0.101563	55.5061	0.000144777	8.32286e-06	5.34571e-06	7.23714e-05	1.17514e-05	7.98857e-06	0.00050408	0.99
8	800	0.10612	58.3767	0.000146606	8.98286e-06	5.57714e-06	7.29457e-05	1.30714e-05	8.38286e-06	0.000587543	1.01
8	800	0.105358	57.0815	0.000143489	8.50286e-06	5.40286e-06	7.18571e-05	1.18e-05	8.06857e-06	0.000545014	1.01
8	800	0.100691	57.0354	0.000134594	8.30857e-06	4.62e-06	6.85029e-05	9.94e-06	7.85714e-06	0.000544089	1.00
8	800	0.110165	58.2899	0.000150743	8.87143e-06	5.73143e-06	7.472e-05	1.25971e-05	8.42857e-06	0.000580314	1.01
8	800	0.102805	55.382	0.000142823	8.46857e-06	5.12857e-06	7.17714e-05	1.15114e-05	8.02857e-06	0.000519929	1.00
8	800	0.102787	56.4744	0.000149657	8.76857e-06	6.88e-06	7.29543e-05	1.31057e-05	8.34e-06	0.00052734	1.00
9	900	0.122081	58.0224	0.000156469	9.24286e-06	5.48286e-06	7.76914e-05	1.29743e-05	8.73714e-06	0.00066416	1.12
9	900	0.133329	61.8482	0.000168589	9.75429e-06	5.96571e-06	8.27629e-05	1.40857e-05	9.19714e-06	0.000751563	1.13
9	900	0.125515	60.1417	0.000160031	9.46286e-06	5.15714e-06	7.97257e-05	1.32571e-05	9.04857e-06	0.00071888	1.12
9	900	0.121351	58.8477	0.000156494	9.14286e-06	5.41714e-06	7.768e-05	1.26457e-05	8.66286e-06	0.000657597	1.12
9	900	0.126148	59.8394	0.000162097	9.43143e-06	5.87714e-06	7.96143e-05	1.30914e-05	8.91429e-06	0.000680729	1.12
9	900	0.118029	59.5142	0.000152146	9.22857e-06	5.85429e-06	7.55229e-05	1.25371e-05	8.76571e-06	0.000668683	1.12
9	900	0.12145	59.4412	0.000149723	9.07429e-06	5.65714e-06	7.43029e-05	1.17714e-05	8.54e-06	0.000663791	1.12
9	900	0.130215	62.3116	0.000168463	9.69714e-06	6.90286e-06	8.18714e-05	1.30857e-05	9.20857e-06	0.000747914	1.12
9	900	0.129214	60.6127	0.00016394	9.69429e-06	6.22e-06	8.03114e-05	1.40114e-05	9.16e-06	0.000725843	1.12
9	900	0.124365	59.8214	0.000157931	9.34857e-06	6.16e-06	7.77171e-05	1.30771e-05	8.80286e-06	0.000683471	1.12
10	1000	0.150176	62.4765	0.00018938	1.07e-05	7.29429e-06	9.08714e-05	1.58086e-05	1.02714e-05	0.000891331	1.25
10	1000	0.148955	64.1834	0.0001873	1.08229e-05	7.75714e-06	8.95e-05	1.56286e-05	1.02371e-05	0.000906457	1.25
10	1000	0.155796	63.086	0.000184837	1.03371e-05	6.98571e-06	8.92629e-05	1.52343e-05	9.85143e-06	0.000878726	1.25
10	1000	0.165256	66.2732	0.000199426	1.14771e-05	7.91429e-06	9.48371e-05	1.76886e-05	1.07971e-05	0.00106069	1.27
10	1000	0.145141	62.1069	0.0001772	1.01286e-05	7.42286e-06	8.54343e-05	1.46029e-05	9.71714e-06	0.000844749	1.24
10	1000	0.149947	62.1212	0.000178923	1.01171e-05	7.79429e-06	8.56543e-05	1.54343e-05	9.60571e-06	0.000849754	1.25
10	1000	0.140529	61.6711	0.000183331	1.05029e-05	7.85143e-06	8.77743e-05	1.52914e-05	1.00086e-05	0.000807709	1.24
10	1000	0.150174	62.908	0.000182097	1.03286e-05	8.04286e-06	8.68486e-05	1.52771e-05	9.90571e-06	0.000867729	1.25
10	1000	0.155777	63.2893	0.000185137	1.03543e-05	7.66286e-06	8.83143e-05	1.58029e-05	9.86571e-06	0.000902834	1.25
10	1000	0.149403	62.8115	0.000186443	1.03429e-05	6.98e-06	8.97229e-05	1.54114e-05	9.83143e-06	0.000865634	1.25
11	1100	0.178587	65.9443	0.000200126	1.14771e-05	7.94571e-06	9.52743e-05	1.66114e-05	1.09e-05	0.00110568	1.37
11	1100	0.177405	65.4848	0.000210971	1.15286e-05	8.36e-06	9.95143e-05	1.73829e-05	1.11086e-05	0.00107055	1.38
11	1100	0.186907	65.8173	0.000211331	1.13686e-05	9.24e-06	9.88114e-05	1.78743e-05	1.08686e-05	0.00110541	1.38
11	1100	0.192034	67.7419	0.000207534	1.17e-05	8.50857e-06	9.80114e-05	1.65829e-05	1.10914e-05	0.00122085	1.38
11	1100	0.190916	66.8774	0.000210069	1.17914e-05	1.00229e-05	9.74943e-05	1.84514e-05	1.10914e-05	0.0011761	1.39
11	1100	0.198512	68.9002	0.000228974	1.21857e-05	9.01714e-06	0.000106683	1.81657e-05	1.16943e-05	0.0012897	1.39
11	1100	0.181211	65.9653	0.000203506	1.15086e-05	8.36286e-06	9.63857e-05	1.71886e-05	1.08714e-05	0.00109875	1.38
11	1100	0.177459	66.0703	0.00020116	1.13086e-05	7.87143e-06	9.59857e-05	1.61714e-05	1.08229e-05	0.00109693	1.37
11	1100	0.190736	65.9653	0.00020748	1.14857e-05	8.08e-06	9.82057e-05	1.68571e-05	1.09343e-05	0.00115028	1.39
11	1100	0.187566	66.545	0.000207131	1.12714e-05	8.27714e-06	9.752e-05	1.67257e-05	1.07743e-05	0.00115304	1.39
12	1200	0.207206	67.923	0.000217829	1.20057e-05	8.77143e-06	0.000102483	1.79543e-05	1.15971e-05	0.00131489	1.57
12	1200	0.220702	68.9842	0.000231063	1.26486e-05	8.15714e-06	0.000108914	1.89914e-05	1.21371e-05	0.0014214	1.52
12	1200	0.215964	68.8797	0.000226071	1.296e-05	8.30571e-06	0.000106743	2.04114e-05	1.226e-05	0.0013904	1.51
12	1200	0.229674	70.7745	0.00024242	1.33686e-05	9.18857e-06	0.000113083	2.08229e-05	1.26286e-05	0.00150804	1.52
12	1200	0.207418	68.0171	0.000208531	1.23886e-05	7.80286e-06	9.95057e-05	1.75571e-05	1.16429e-05	0.00127476	1.50
12	1200	0.194915	66.14	0.000210697	1.17971e-05	7.40857e-06	0.00010072	1.70029e-05	1.13143e-05	0.00117359	1.49
12	1200	0.221036	69.8795	0.000219854	1.27e-05	7.03714e-06	0.000105677	1.886e-05	1.20057e-05	0.00145734	1.51
12	1200	0.213447	67.3647	0.00021468	1.20229e-05	7.79429e-06	0.000102169	1.81914e-05	1.146e-05	0.00130686	1.51
12	1200	0.219258	67.9829	0.00022764	1.24571e-05	9.38571e-06	0.000106343	1.83486e-05	1.20486e-05	0.00136814	1.51
12	1200	0.228527	69.7885	0.000230083	1.30343e-05	8.81143e-06	0.000108226	1.99829e-05	1.23114e-05	0.00146733	1.52
