N_THREADS	N_TRANSACTIONS	TIME	N_ABORTS	PROCESS_READ_TIME	PROCESS_WRITE_TIME	PROCESS_VALIDATION_TIME	PROCESS_OTHER_TIME	COMMIT_VALIDATION_TIME	COMMIT_OTHER_TIME	WASTED_TIME
1	1000	0.978956	0	0.000218869	6.15543e-05	0	0.000679806	3.45714e-07	1.53886e-05	1.16286e-06	1.47
1	1000	0.978773	0	0.000218454	6.16114e-05	0	0.000679994	3.45714e-07	1.53714e-05	1.16571e-06	1.40
1	1000	0.978743	0	0.000218443	6.162e-05	0	0.000679983	3.45714e-07	1.53543e-05	1.16286e-06	1.41
1	1000	0.978957	0	0.00021876	6.15829e-05	0	0.0006799	3.45714e-07	1.53714e-05	1.16571e-06	1.40
1	1000	0.978953	0	0.000218877	6.15429e-05	0	0.000679806	3.45714e-07	1.53857e-05	1.16286e-06	1.40
1	1000	0.978612	0	0.00021838	6.162e-05	0	0.0006799	3.42857e-07	1.53743e-05	1.16571e-06	1.41
1	1000	0.978921	0	0.00021864	6.16029e-05	0	0.00067994	3.45714e-07	1.53943e-05	1.16286e-06	1.41
1	1000	0.978961	0	0.000218903	6.15371e-05	0	0.0006798	3.45714e-07	1.538e-05	1.16286e-06	1.41
1	1000	0.978355	0	0.000218103	6.16657e-05	0	0.000679883	3.45714e-07	1.53629e-05	1.16286e-06	1.41
1	1000	0.978744	0	0.000218437	6.16029e-05	0	0.000680003	3.45714e-07	1.53571e-05	1.16286e-06	1.40
2	2000	1.06699	1.42928	0.000219546	6.23457e-05	1.66857e-06	0.000678574	7.48343e-05	1.55457e-05	1.07543e-05	1.57
2	2000	1.06762	1.47783	0.000219409	6.23943e-05	1.6e-06	0.000678634	7.48657e-05	1.55629e-05	1.08143e-05	1.51
2	2000	1.06814	1.47783	0.000219806	6.23543e-05	1.60286e-06	0.000678554	7.50914e-05	1.55686e-05	1.082e-05	1.50
2	2000	1.07175	1.8164	0.000219417	6.238e-05	1.56e-06	0.000678689	7.44543e-05	1.55714e-05	1.35257e-05	1.51
2	2000	1.06812	1.47783	0.000219783	6.23457e-05	1.60571e-06	0.000678606	7.50371e-05	1.55714e-05	1.082e-05	1.49
2	2000	1.06874	1.62322	0.000219769	6.23229e-05	1.42857e-06	0.00067878	7.48743e-05	1.55743e-05	1.22829e-05	1.51
2	2000	1.06802	1.47783	0.000219834	6.23229e-05	1.60571e-06	0.000678469	7.50286e-05	1.558e-05	1.082e-05	1.50
2	2000	1.06866	1.62322	0.000219677	6.23257e-05	1.42857e-06	0.000678871	7.48429e-05	1.55657e-05	1.22857e-05	1.49
2	2000	1.06805	1.47783	0.000219597	6.23886e-05	1.60571e-06	0.000678737	7.50029e-05	1.55543e-05	1.08143e-05	1.50
2	2000	1.068	1.47783	0.000219614	6.23514e-05	1.60571e-06	0.000678751	7.49457e-05	1.55657e-05	1.08143e-05	1.50
3	3000	1.08962	3.44384	0.000221346	6.32943e-05	2.37143e-06	0.000678083	7.59829e-05	1.58114e-05	2.566e-05	1.53
3	3000	1.08673	3.00679	0.000221289	6.32857e-05	2.91714e-06	0.000677577	7.59514e-05	1.57943e-05	2.21286e-05	1.53
3	3000	1.09083	3.35052	0.000221334	6.32314e-05	2.61143e-06	0.000677783	7.59e-05	1.57886e-05	2.50114e-05	1.53
3	3000	1.08743	3.10078	0.000221306	6.332e-05	3.23143e-06	0.000677257	7.59943e-05	1.578e-05	2.25914e-05	1.53
3	3000	1.08736	2.97542	0.000221246	6.33971e-05	2.84571e-06	0.000677637	7.59771e-05	1.58086e-05	2.19886e-05	1.52
3	3000	1.08595	3.10078	0.000221249	6.33229e-05	3.02e-06	0.000677469	7.59514e-05	1.58e-05	2.32886e-05	1.52
3	3000	1.08672	2.91262	0.000221237	6.33229e-05	2.80857e-06	0.000677694	7.58971e-05	1.57714e-05	2.15371e-05	1.53
3	3000	1.08778	3.03814	0.000221063	6.33171e-05	3.11143e-06	0.000677314	7.57343e-05	1.57743e-05	2.24486e-05	1.53
3	3000	1.08727	2.84974	0.000221443	6.32686e-05	2.63714e-06	0.000677849	7.59829e-05	1.58257e-05	2.128e-05	1.52
3	3000	1.0857	3.00679	0.000221246	6.32914e-05	2.84e-06	0.000677594	7.60143e-05	1.57457e-05	2.23686e-05	1.52
4	4000	1.10589	4.55738	0.000223457	6.43371e-05	3.50857e-06	0.000677251	7.68943e-05	1.60714e-05	3.28371e-05	1.69
4	4000	1.10516	4.55738	0.000223811	6.43171e-05	3.89714e-06	0.00067686	7.70857e-05	1.61143e-05	3.47657e-05	1.62
4	4000	1.10155	3.98464	0.000223751	6.44029e-05	4.10286e-06	0.000676637	7.70257e-05	1.608e-05	3.05371e-05	1.62
4	4000	1.10389	4.67112	0.0002235	6.44286e-05	3.67143e-06	0.000677109	7.696e-05	1.60771e-05	3.46714e-05	1.62
4	4000	1.10645	4.71653	0.000223654	6.42714e-05	3.93714e-06	0.0006768	7.70286e-05	1.61314e-05	3.48257e-05	1.62
4	4000	1.11154	5.03324	0.000223646	6.43114e-05	3.50571e-06	0.000677254	7.69257e-05	1.60829e-05	3.73657e-05	1.64
4	4000	1.10616	4.28332	0.000223394	6.44543e-05	4.10857e-06	0.000676611	7.68229e-05	1.60343e-05	3.20086e-05	1.62
4	4000	1.10028	3.86926	0.000223694	6.44e-05	4.24571e-06	0.000676534	7.69543e-05	1.60686e-05	2.91314e-05	1.63
4	4000	1.10514	4.73922	0.000223691	6.43857e-05	3.59429e-06	0.000677169	7.70257e-05	1.60943e-05	3.40914e-05	1.62
4	4000	1.11319	4.92037	0.000223597	6.43143e-05	3.56857e-06	0.000677166	7.70486e-05	1.60857e-05	3.74e-05	1.63
5	5000	1.12559	5.96201	0.000226671	6.55629e-05	5.23714e-06	0.000675794	7.796e-05	1.64514e-05	4.50971e-05	1.81
5	5000	1.12184	6.20897	0.000226589	6.56429e-05	5.04857e-06	0.000675994	7.79543e-05	1.644e-05	4.52486e-05	1.74
5	5000	1.12797	5.94432	0.000226886	6.558e-05	4.81429e-06	0.000676243	7.80143e-05	1.64686e-05	4.59886e-05	1.74
5	5000	1.11969	5.48204	0.000226283	6.55714e-05	5.12571e-06	0.000675914	7.78771e-05	1.64429e-05	3.99771e-05	1.74
5	5000	1.12502	6.01504	0.000226574	6.56571e-05	5.31714e-06	0.000675651	7.796e-05	1.63857e-05	4.38657e-05	1.74
5	5000	1.12345	5.85577	0.000226523	6.56514e-05	5.25143e-06	0.000675726	7.788e-05	1.642e-05	4.326e-05	1.73
5	5000	1.12446	5.58912	0.000226477	6.57429e-05	5.56286e-06	0.000675334	7.788e-05	1.64114e-05	4.27171e-05	1.73
5	5000	1.12424	5.82031	0.000226794	6.56371e-05	5.32286e-06	0.000675777	7.80571e-05	1.64657e-05	4.31857e-05	1.75
5	5000	1.12438	5.62476	0.000226929	6.55857e-05	5.27143e-06	0.000675729	7.80229e-05	1.64771e-05	4.21057e-05	1.75
5	5000	1.1211	5.37472	0.000226609	6.56657e-05	5.59714e-06	0.000675386	7.79314e-05	1.64771e-05	4.04257e-05	1.75
6	6000	1.14186	7.19258	0.00023066	6.72543e-05	6.82e-06	0.00067466	7.90743e-05	1.68743e-05	5.34971e-05	1.94
6	6000	1.13759	6.67289	0.000230586	6.72457e-05	6.77143e-06	0.00067472	7.92486e-05	1.698e-05	4.93886e-05	1.85
6	6000	1.15405	7.70651	0.000230714	6.712e-05	6.54857e-06	0.000674949	7.91371e-05	1.69114e-05	5.84657e-05	1.88
6	6000	1.14046	7.32159	0.000230434	6.714e-05	6.63429e-06	0.000674803	7.91886e-05	1.69114e-05	5.33343e-05	1.86
6	6000	1.1437	7.4788	0.000230157	6.728e-05	6.58286e-06	0.000674954	7.89514e-05	1.67571e-05	5.51457e-05	1.86
6	6000	1.14564	7.32159	0.000230471	6.71514e-05	6.80571e-06	0.000674586	7.89914e-05	1.68171e-05	5.46e-05	1.86
6	6000	1.13915	7.19258	0.000230669	6.72e-05	6.81714e-06	0.000674689	7.92057e-05	1.68914e-05	5.35229e-05	1.86
6	6000	1.14936	7.42169	0.00023062	6.73029e-05	6.86e-06	0.000674646	7.90629e-05	1.68457e-05	5.66514e-05	1.87
6	6000	1.1424	7.17822	0.000230477	6.71857e-05	6.21143e-06	0.000675094	7.90543e-05	1.68686e-05	5.26857e-05	1.86
6	6000	1.15422	7.0632	0.000230634	6.70829e-05	6.69143e-06	0.0006748	7.91343e-05	1.69143e-05	5.29571e-05	1.87
7	7000	1.16512	8.52065	0.000235671	6.90629e-05	8.24571e-06	0.000673849	8.06229e-05	1.74714e-05	6.56029e-05	2.06
7	7000	1.16565	8.13648	0.000235443	6.91971e-05	8.02857e-06	0.000674054	8.05257e-05	1.74343e-05	6.27086e-05	1.99
7	7000	1.16765	8.42491	0.000235846	6.89629e-05	7.95143e-06	0.000674129	8.07343e-05	1.74943e-05	6.48886e-05	1.99
7	7000	1.16964	8.31696	0.000235751	6.89743e-05	8.04e-06	0.000673909	8.06629e-05	1.74943e-05	6.38486e-05	1.99
7	7000	1.16758	8.23283	0.000235257	6.91143e-05	8.08e-06	0.000673957	8.04371e-05	1.74029e-05	6.27686e-05	1.99
7	7000	1.15915	7.89474	0.000235017	6.92314e-05	8.26286e-06	0.000673806	8.03971e-05	1.73571e-05	6.06143e-05	1.98
7	7000	1.16689	8.34097	0.000235554	6.89943e-05	7.96286e-06	0.00067404	8.06514e-05	1.74657e-05	6.474e-05	1.99
7	7000	1.16879	8.31696	0.000235389	6.91057e-05	8.03429e-06	0.000674043	8.04486e-05	1.74114e-05	6.30086e-05	1.99
7	7000	1.16798	8.40094	0.000235617	6.90914e-05	7.50857e-06	0.000674574	8.05086e-05	1.74543e-05	6.43086e-05	1.98
7	7000	1.16942	8.17264	0.000235294	6.92257e-05	8.48e-06	0.000673583	8.04743e-05	1.73829e-05	6.236e-05	1.99
8	8000	1.19214	9.62494	0.000242166	7.14e-05	9.44571e-06	0.000673286	8.23086e-05	1.81914e-05	7.53914e-05	2.11
8	8000	1.19658	9.788	0.000242749	7.13029e-05	9.74857e-06	0.000673046	8.25886e-05	1.82143e-05	7.60057e-05	2.11
8	8000	1.20209	9.89976	0.000242663	7.14057e-05	1.012e-05	0.000672706	8.24971e-05	1.82086e-05	7.70143e-05	2.12
8	8000	1.19477	9.33817	0.000242717	7.126e-05	9.48286e-06	0.000673266	8.252e-05	1.81857e-05	7.20543e-05	2.11
8	8000	1.19174	9.47154	0.000242534	7.14371e-05	9.76857e-06	0.000673011	8.24571e-05	1.82286e-05	7.43029e-05	2.11
8	8000	1.19355	9.788	0.000242403	7.11714e-05	9.27714e-06	0.000673446	8.25314e-05	1.82086e-05	7.75029e-05	2.11
8	8000	1.19492	9.95047	0.000242391	7.134e-05	9.26857e-06	0.000673454	8.24857e-05	1.81971e-05	7.71886e-05	2.11
8	8000	1.19144	9.70655	0.000242549	7.13514e-05	9.44286e-06	0.000673343	8.25343e-05	1.82e-05	7.63114e-05	2.12
8	8000	1.19488	9.83884	0.000243114	7.13e-05	9.62286e-06	0.000673091	8.25371e-05	1.82686e-05	7.68114e-05	2.12
8	8000	1.20283	10.0011	0.000242637	7.132e-05	1.01429e-05	0.000672563	8.256e-05	1.82457e-05	7.96229e-05	2.13
9	9000	1.23085	11.0584	0.00025098	7.426e-05	1.07e-05	0.000672897	8.482e-05	1.90457e-05	8.974e-05	2.34
9	9000	1.23734	11.5827	0.000251729	7.422e-05	1.06229e-05	0.000673234	8.50486e-05	1.92057e-05	9.50286e-05	2.26
9	9000	1.22429	11.0584	0.0002512	7.41229e-05	1.06229e-05	0.00067324	8.49743e-05	1.91771e-05	8.84771e-05	2.26
9	9000	1.23007	11.1287	0.000251849	7.42286e-05	1.10486e-05	0.000672566	8.506e-05	1.91771e-05	8.92857e-05	2.26
9	9000	1.22669	10.9704	0.00025028	7.428e-05	1.12086e-05	0.0006727	8.44543e-05	1.88943e-05	8.73057e-05	2.25
9	9000	1.22576	11.0408	0.000251214	7.42029e-05	1.09143e-05	0.00067294	8.51057e-05	1.92e-05	8.96914e-05	2.25
9	9000	1.22503	11.0232	0.000250474	7.41943e-05	1.11371e-05	0.000672451	8.48057e-05	1.90743e-05	8.85886e-05	2.25
9	9000	1.23308	11.2951	0.000250606	7.42771e-05	1.09057e-05	0.000672857	8.47171e-05	1.90286e-05	9.12286e-05	2.26
9	9000	1.22545	11.155	0.00025068	7.42943e-05	1.11029e-05	0.000672706	8.47543e-05	1.90657e-05	8.95514e-05	2.24
9	9000	1.23698	10.7762	0.00025054	7.42543e-05	1.11686e-05	0.00067244	8.45914e-05	1.90057e-05	8.55114e-05	2.26
10	10000	1.25611	11.7699	0.000261294	7.79286e-05	1.29943e-05	0.000672206	8.79114e-05	2.01886e-05	9.71571e-05	2.38
10	10000	1.26196	12.5109	0.000261034	7.80057e-05	1.278e-05	0.00067226	8.79029e-05	2.01886e-05	0.00010258	2.37
10	10000	1.26236	12.3345	0.000262197	7.788e-05	1.24371e-05	0.00067262	8.828e-05	2.03371e-05	0.000101769	2.38
10	10000	1.25756	12.2345	0.000261711	7.80257e-05	1.264e-05	0.000672377	8.80543e-05	2.02229e-05	0.000100863	2.37
10	10000	1.25791	12.1034	0.000260849	7.78057e-05	1.23971e-05	0.00067264	8.77971e-05	2.01514e-05	9.976e-05	2.38
10	10000	1.26057	12.5262	0.000261643	7.79514e-05	1.29429e-05	0.00067212	8.804e-05	2.024e-05	0.0001035	2.38
10	10000	1.25993	12.4267	0.000260914	7.77886e-05	1.29314e-05	0.00067224	8.78971e-05	2.01714e-05	0.000103123	2.37
10	10000	1.26419	12.7095	0.000260529	7.80257e-05	1.32086e-05	0.000671974	8.77286e-05	2.012e-05	0.000105766	2.39
10	10000	1.26351	11.9408	0.000261154	7.78829e-05	1.28171e-05	0.000672254	8.79457e-05	2.02657e-05	9.94829e-05	2.38
10	10000	1.25916	12.3729	0.000261451	7.78114e-05	1.28429e-05	0.000672263	8.81457e-05	2.03e-05	0.000102634	2.39
11	11000	1.29616	13.2834	0.000274549	8.24886e-05	1.49114e-05	0.000672246	9.21343e-05	2.168e-05	0.000114329	2.59
11	11000	1.30315	13.1944	0.000273109	8.23686e-05	1.43886e-05	0.000672706	9.18371e-05	2.16629e-05	0.000112523	2.53
11	11000	1.30519	13.4744	0.000273549	8.23829e-05	1.44686e-05	0.000672657	9.182e-05	2.16057e-05	0.00011618	2.53
11	11000	1.29823	13.2902	0.000273443	8.23457e-05	1.43429e-05	0.000672763	9.19971e-05	2.16257e-05	0.000113634	2.53
11	11000	1.31111	13.4744	0.000274603	8.23629e-05	1.452e-05	0.000672549	9.22429e-05	2.174e-05	0.000117151	2.53
11	11000	1.29911	13.5356	0.000273423	8.242e-05	1.44886e-05	0.000672626	9.18257e-05	2.16057e-05	0.000116634	2.52
11	11000	1.30594	13.928	0.000273797	8.23457e-05	1.49943e-05	0.000672117	9.20086e-05	2.16657e-05	0.000120749	2.53
11	11000	1.29837	13.1122	0.000274303	8.27143e-05	1.42886e-05	0.000672731	9.22229e-05	2.17229e-05	0.00011068	2.51
11	11000	1.29216	13.2355	0.000273109	8.27371e-05	1.48571e-05	0.000672237	9.14743e-05	2.14914e-05	0.000111709	2.52
11	11000	1.30398	13.5967	0.000273834	8.25343e-05	1.46514e-05	0.000672423	9.19457e-05	2.16429e-05	0.00011702	2.53
12	12000	1.36145	14.1385	0.000289769	8.846e-05	1.65829e-05	0.000685803	9.73486e-05	2.32543e-05	0.000127323	2.76
12	12000	1.37407	14.7727	0.000289129	8.83657e-05	1.70771e-05	0.000685151	9.70971e-05	2.32086e-05	0.000132826	2.69
12	12000	1.36947	14.6636	0.000290771	8.86171e-05	1.69029e-05	0.000685557	9.76886e-05	2.34657e-05	0.000133357	2.68
12	12000	1.3642	14.3775	0.000290443	8.88257e-05	1.734e-05	0.000684837	9.74857e-05	2.33429e-05	0.000128911	2.68
12	12000	1.37379	14.6636	0.000290126	8.85571e-05	1.722e-05	0.000685197	9.73886e-05	2.33857e-05	0.00013148	2.70
12	12000	1.37064	14.4995	0.000290514	8.84771e-05	1.67457e-05	0.000685683	9.76686e-05	2.34571e-05	0.000129531	2.69
12	12000	1.3764	14.9178	0.000290669	8.85486e-05	1.704e-05	0.000685209	9.76257e-05	2.35e-05	0.000135997	2.70
12	12000	1.36587	14.803	0.000290223	8.85971e-05	1.72171e-05	0.000685186	9.73971e-05	2.33029e-05	0.000132634	2.68
12	12000	1.35805	14.3163	0.000290806	8.85771e-05	1.68829e-05	0.000685683	9.77629e-05	2.35086e-05	0.000128463	2.67
12	12000	1.36687	14.5238	0.000291031	8.872e-05	1.61686e-05	0.000686386	9.79743e-05	2.35657e-05	0.000130251	2.68
