N_THREADS	N_TRANSACTIONS	TIME	N_ABORTS	PROCESS_READ_TIME	PROCESS_WRITE_TIME	PROCESS_VALIDATION_TIME	PROCESS_OTHER_TIME	COMMIT_VALIDATION_TIME	COMMIT_OTHER_TIME	WASTED_TIME
1	1000	0.219019	0	1.60457e-05	2.79971e-05	0	0.000156989	6.08571e-07	8.45143e-06	2.49143e-06	0.69
1	1000	0.219082	0	1.60543e-05	2.80057e-05	0	0.000157026	6.08571e-07	8.44857e-06	2.48571e-06	0.61
1	1000	0.219094	0	1.60571e-05	2.80171e-05	0	0.000157023	6.08571e-07	8.44571e-06	2.48571e-06	0.61
1	1000	0.219095	0	1.60514e-05	2.80143e-05	0	0.000157029	6.11429e-07	8.44857e-06	2.49143e-06	0.61
1	1000	0.219067	0	1.60429e-05	2.80114e-05	0	0.000157023	6.08571e-07	8.45143e-06	2.48857e-06	0.61
1	1000	0.219073	0	1.606e-05	2.80029e-05	0	0.00015702	6.08571e-07	8.44857e-06	2.48571e-06	0.61
1	1000	0.21909	0	1.60543e-05	2.79971e-05	0	0.000157046	6.08571e-07	8.45429e-06	2.48286e-06	0.61
1	1000	0.219061	0	1.60514e-05	2.80114e-05	0	0.00015702	6.11429e-07	8.43714e-06	2.48857e-06	0.61
1	1000	0.219097	0	1.60629e-05	2.80029e-05	0	0.00015704	6.11429e-07	8.44571e-06	2.48571e-06	0.61
1	1000	0.219084	0	1.60486e-05	2.80114e-05	0	0.000157029	6.08571e-07	8.45429e-06	2.48e-06	0.61
2	2000	0.314592	39.0615	1.73343e-05	2.87514e-05	1.62e-06	0.000156029	4.37429e-06	8.59429e-06	8.90286e-05	0.73
2	2000	0.311625	38.3477	1.74257e-05	2.87171e-05	1.74571e-06	0.000155869	4.42286e-06	8.6e-06	8.44029e-05	0.71
2	2000	0.314336	38.7255	1.73571e-05	2.876e-05	1.59714e-06	0.000156063	4.3e-06	8.6e-06	8.61686e-05	0.71
2	2000	0.319296	40.048	1.73543e-05	2.87886e-05	1.60857e-06	0.000156086	4.22e-06	8.60857e-06	9.15543e-05	0.71
2	2000	0.314834	38.8379	1.738e-05	2.87743e-05	1.59429e-06	0.000156049	4.34286e-06	8.60571e-06	8.84657e-05	0.71
2	2000	0.314398	38.9313	1.738e-05	2.88e-05	1.61714e-06	0.000156086	4.25714e-06	8.61143e-06	8.64571e-05	0.71
2	2000	0.314647	38.894	1.738e-05	2.86914e-05	1.67429e-06	0.000155997	4.33714e-06	8.58286e-06	8.71857e-05	0.71
2	2000	0.316031	39.5222	1.73771e-05	2.88343e-05	1.6e-06	0.000156054	4.29143e-06	8.61429e-06	9.092e-05	0.72
2	2000	0.313383	38.7255	1.73514e-05	2.87229e-05	1.63714e-06	0.000156029	4.36286e-06	8.58571e-06	8.68114e-05	0.71
2	2000	0.311261	38.8005	1.74571e-05	2.88514e-05	1.68857e-06	0.00015598	4.38286e-06	8.61714e-06	8.53286e-05	0.71
3	3000	0.41533	57.5552	1.81429e-05	2.94686e-05	2.27429e-06	0.000156066	4.92286e-06	8.77714e-06	0.00017928	0.84
3	3000	0.415634	57.8	1.81371e-05	2.94457e-05	2.27429e-06	0.000156066	5.01143e-06	8.76286e-06	0.0001791	0.82
3	3000	0.417577	57.4227	1.81257e-05	2.94886e-05	2.23429e-06	0.00015614	4.92857e-06	8.76286e-06	0.000179506	0.82
3	3000	0.417347	58.0067	1.81571e-05	2.95286e-05	2.28286e-06	0.000156094	4.97714e-06	8.77143e-06	0.000181943	0.82
3	3000	0.416686	58.4084	1.82e-05	2.95629e-05	2.30857e-06	0.000156029	4.99429e-06	8.78857e-06	0.00018402	0.82
3	3000	0.425159	58.7402	1.81371e-05	2.94886e-05	2.27714e-06	0.000156066	4.93714e-06	8.77143e-06	0.00019042	0.83
3	3000	0.421505	58.7912	1.81371e-05	2.95229e-05	2.22571e-06	0.000156154	4.93714e-06	8.79143e-06	0.000189866	0.83
3	3000	0.415634	57.8059	1.81714e-05	2.94314e-05	2.35714e-06	0.000155983	4.96571e-06	8.76571e-06	0.000179777	0.82
3	3000	0.415031	57.9302	1.81829e-05	2.94971e-05	2.31714e-06	0.000156051	5e-06	8.78e-06	0.000182454	0.82
3	3000	0.422674	58.466	1.81514e-05	2.95429e-05	2.22286e-06	0.000156171	4.96857e-06	8.77714e-06	0.000185654	0.83
4	4000	0.530217	68.8934	1.88743e-05	3.03457e-05	2.64857e-06	0.000156489	5.23429e-06	9.00571e-06	0.000290646	1.09
4	4000	0.532898	68.9706	1.88e-05	3.024e-05	2.63714e-06	0.000156434	5.18857e-06	8.96e-06	0.000292451	1.03
4	4000	0.52732	68.1655	1.882e-05	3.02543e-05	2.64571e-06	0.000156417	5.22286e-06	8.98e-06	0.00027896	1.03
4	4000	0.525919	68.7963	1.88457e-05	3.03457e-05	2.61143e-06	0.000156523	5.25714e-06	9.01143e-06	0.000288383	1.02
4	4000	0.529482	68.9393	1.88229e-05	3.03086e-05	2.62e-06	0.000156443	5.21714e-06	8.98286e-06	0.000290331	1.04
4	4000	0.536269	69.2875	1.87429e-05	3.02771e-05	2.54571e-06	0.00015658	5.15714e-06	8.98571e-06	0.000296186	1.04
4	4000	0.533641	69.2828	1.88057e-05	3.03143e-05	2.61143e-06	0.000156514	5.21143e-06	8.98286e-06	0.000294511	1.04
4	4000	0.532343	68.6913	1.88657e-05	3.03829e-05	2.65714e-06	0.000156454	5.22571e-06	8.99714e-06	0.000288511	1.03
4	4000	0.530204	68.7427	1.88486e-05	3.03714e-05	2.61429e-06	0.000156531	5.21143e-06	8.98571e-06	0.000287743	1.04
4	4000	0.52445	68.8255	1.89114e-05	3.03371e-05	2.72e-06	0.000156397	5.25429e-06	8.98286e-06	0.000288389	1.03
5	5000	0.661191	76.0926	1.954e-05	3.14029e-05	2.85429e-06	0.000157146	5.33429e-06	9.26571e-06	0.000418149	1.26
5	5000	0.664174	75.9985	1.95143e-05	3.13886e-05	2.80857e-06	0.000157209	5.30571e-06	9.25143e-06	0.000416854	1.26
5	5000	0.662396	76.1223	1.95229e-05	3.14057e-05	2.74857e-06	0.000157263	5.31143e-06	9.25429e-06	0.000418614	1.26
5	5000	0.650739	75.7046	1.95743e-05	3.14486e-05	2.84e-06	0.00015724	5.37429e-06	9.27143e-06	0.000407486	1.25
5	5000	0.660074	75.8955	1.94829e-05	3.134e-05	2.74571e-06	0.000157257	5.38286e-06	9.28e-06	0.000413537	1.25
5	5000	0.656966	75.7728	1.95371e-05	3.14257e-05	2.85429e-06	0.000157169	5.34571e-06	9.26e-06	0.000410026	1.26
5	5000	0.673716	76.3526	1.94743e-05	3.13943e-05	2.72286e-06	0.000157289	5.32286e-06	9.23143e-06	0.000426431	1.28
5	5000	0.655941	75.9696	1.94829e-05	3.13543e-05	2.77429e-06	0.000157254	5.36571e-06	9.26e-06	0.000414723	1.27
5	5000	0.658978	75.688	1.95714e-05	3.14086e-05	2.83714e-06	0.000157134	5.33714e-06	9.26286e-06	0.000409706	1.25
5	5000	0.66127	75.8477	1.95057e-05	3.14143e-05	2.74e-06	0.000157246	5.32857e-06	9.25143e-06	0.000413586	1.25
6	6000	0.805034	80.7148	2.02829e-05	3.26771e-05	2.92286e-06	0.000158171	5.42286e-06	9.59429e-06	0.000552423	1.57
6	6000	0.798024	80.677	2.03257e-05	3.276e-05	2.91714e-06	0.000158257	5.46571e-06	9.59429e-06	0.000551549	1.49
6	6000	0.798926	80.3954	2.02743e-05	3.26486e-05	2.96286e-06	0.000158117	5.45429e-06	9.57714e-06	0.000539746	1.49
6	6000	0.804754	80.6545	2.02457e-05	3.266e-05	2.86857e-06	0.000158197	5.44571e-06	9.59143e-06	0.000549434	1.51
6	6000	0.793666	80.5919	2.02686e-05	3.264e-05	2.93143e-06	0.000158174	5.47143e-06	9.57714e-06	0.000545723	1.49
6	6000	0.800492	80.5832	2.02514e-05	3.26686e-05	2.89714e-06	0.000158177	5.43714e-06	9.57143e-06	0.000547166	1.50
6	6000	0.803772	80.713	2.02829e-05	3.26514e-05	2.93429e-06	0.000158123	5.43429e-06	9.58571e-06	0.000553326	1.51
6	6000	0.797298	80.6101	2.03086e-05	3.26486e-05	2.95143e-06	0.000158103	5.47429e-06	9.55429e-06	0.000546374	1.49
6	6000	0.79066	80.4235	2.034e-05	3.27086e-05	2.96e-06	0.000158123	5.51714e-06	9.57714e-06	0.000538706	1.49
6	6000	0.804237	80.6214	2.03286e-05	3.27143e-05	2.97143e-06	0.000158211	5.43714e-06	9.62e-06	0.000549249	1.50
7	7000	0.955638	84.0183	2.11771e-05	3.40514e-05	3.05714e-06	0.000159163	5.56857e-06	9.95429e-06	0.000698731	1.75
7	7000	0.964385	84.1227	2.10486e-05	3.40886e-05	2.97429e-06	0.000159366	5.56571e-06	9.98e-06	0.000706494	1.76
7	7000	0.95598	84.0851	2.11343e-05	3.41686e-05	3e-06	0.000159383	5.57143e-06	1.00029e-05	0.000702474	1.75
7	7000	0.968521	83.9593	2.10886e-05	3.408e-05	2.96e-06	0.000159286	5.50286e-06	9.94571e-06	0.000697506	1.77
7	7000	0.961948	84.1808	2.11143e-05	3.40943e-05	3.00857e-06	0.000159311	5.59429e-06	9.94e-06	0.000706246	1.77
7	7000	0.94149	83.8423	2.11343e-05	3.40629e-05	3.10286e-06	0.000159237	5.64e-06	9.97429e-06	0.000687866	1.75
7	7000	0.95317	83.9564	2.10714e-05	3.40371e-05	3.02e-06	0.000159311	5.57143e-06	9.94286e-06	0.000695889	1.75
7	7000	0.952552	83.9974	2.10914e-05	3.4e-05	2.99714e-06	0.000159291	5.6e-06	9.98571e-06	0.000696437	1.76
7	7000	0.952753	83.9978	2.104e-05	3.39886e-05	2.96857e-06	0.000159346	5.52571e-06	9.93714e-06	0.000696557	1.76
7	7000	0.94945	83.9324	2.11914e-05	3.41857e-05	3.06286e-06	0.000159257	5.59143e-06	9.99714e-06	0.000695126	1.74
8	8000	1.12922	86.5377	2.20829e-05	3.57771e-05	3.14286e-06	0.000160646	5.71714e-06	1.04229e-05	0.000865446	2.02
8	8000	1.13366	86.5469	2.21629e-05	3.602e-05	3.10286e-06	0.000160734	5.68857e-06	1.03914e-05	0.0008667	2.02
8	8000	1.14797	86.7306	2.20971e-05	3.59314e-05	3.06571e-06	0.000160751	5.63714e-06	1.03971e-05	0.000883629	2.05
8	8000	1.13394	86.527	2.20771e-05	3.58143e-05	3.08286e-06	0.000160706	5.67429e-06	1.04286e-05	0.000866326	2.03
8	8000	1.13626	86.4492	2.19771e-05	3.56143e-05	3.03143e-06	0.000160646	5.64857e-06	1.03543e-05	0.000859803	2.03
8	8000	1.129	86.5855	2.20229e-05	3.57686e-05	3.07714e-06	0.000160731	5.69429e-06	1.04086e-05	0.000867686	2.03
8	8000	1.13359	86.5862	2.21029e-05	3.58429e-05	3.10571e-06	0.00016072	5.67143e-06	1.04429e-05	0.00086918	2.03
8	8000	1.12908	86.5324	2.21086e-05	3.59343e-05	3.06571e-06	0.00016072	5.70286e-06	1.04371e-05	0.000864723	2.03
8	8000	1.1173	86.5038	2.21314e-05	3.588e-05	3.10857e-06	0.000160817	5.69143e-06	1.04286e-05	0.000860257	2.02
8	8000	1.14405	86.6609	2.20171e-05	3.57943e-05	3.02286e-06	0.000160751	5.68e-06	1.042e-05	0.000875569	2.05
9	9000	1.32715	88.5214	2.32371e-05	3.786e-05	3.17714e-06	0.00016228	5.82286e-06	1.088e-05	0.00105325	2.39
9	9000	1.33487	88.5554	2.30971e-05	3.772e-05	3.12e-06	0.000162286	5.81429e-06	1.09457e-05	0.00105807	2.33
9	9000	1.33789	88.6161	2.32371e-05	3.78257e-05	3.17429e-06	0.000162266	5.82857e-06	1.09171e-05	0.00106569	2.33
9	9000	1.33884	88.556	2.30971e-05	3.78e-05	3.05143e-06	0.000162449	5.76e-06	1.09114e-05	0.00105847	2.33
9	9000	1.31325	88.3278	2.316e-05	3.77971e-05	3.15714e-06	0.000162209	5.87714e-06	1.09086e-05	0.00103163	2.31
9	9000	1.33776	88.5761	2.31e-05	3.77686e-05	3.08286e-06	0.000162311	5.78857e-06	1.08771e-05	0.00105904	2.33
9	9000	1.32392	88.4888	2.31086e-05	3.774e-05	3.12e-06	0.000162294	5.83714e-06	1.09314e-05	0.00104973	2.32
9	9000	1.31175	88.3757	2.32857e-05	3.78629e-05	3.22571e-06	0.00016224	5.85429e-06	1.092e-05	0.00103583	2.31
9	9000	1.31885	88.4903	2.31371e-05	3.77629e-05	3.12571e-06	0.000162331	5.81143e-06	1.09286e-05	0.00104988	2.31
9	9000	1.3357	88.5254	2.30657e-05	3.77829e-05	3.09143e-06	0.0001623	5.79143e-06	1.08857e-05	0.00105688	2.33
10	10000	1.55409	90.1244	2.43571e-05	4e-05	3.16857e-06	0.000164174	5.96e-06	1.15343e-05	0.00126775	2.73
10	10000	1.5561	90.0879	2.43771e-05	4.01e-05	3.19143e-06	0.000164151	5.96286e-06	1.15057e-05	0.00126397	2.65
10	10000	1.54739	90.0737	2.44114e-05	4.01771e-05	3.21429e-06	0.000164209	5.98e-06	1.14571e-05	0.00126125	2.65
10	10000	1.54987	90.0821	2.43429e-05	4.01086e-05	3.2e-06	0.000164143	5.97714e-06	1.14571e-05	0.00126195	2.65
10	10000	1.5426	90.138	2.45e-05	4.02543e-05	3.25429e-06	0.000164251	5.96e-06	1.15029e-05	0.00126804	2.64
10	10000	1.53643	90.0325	2.43371e-05	3.99057e-05	3.23429e-06	0.000164131	5.98e-06	1.14743e-05	0.00125161	2.63
10	10000	1.54369	90.101	2.43857e-05	4.018e-05	3.19143e-06	0.000164269	6e-06	1.14886e-05	0.00126448	2.65
10	10000	1.53806	90.0331	2.44057e-05	4.01029e-05	3.23429e-06	0.000164123	5.96e-06	1.14514e-05	0.00125325	2.64
10	10000	1.57146	90.272	2.44114e-05	4.01629e-05	3.16857e-06	0.000164211	5.95714e-06	1.14829e-05	0.00129189	2.66
10	10000	1.54079	90.0462	2.44314e-05	4.01486e-05	3.26286e-06	0.000164117	6e-06	1.154e-05	0.00125766	2.63
11	11000	1.82534	91.4818	2.56743e-05	4.25429e-05	3.18857e-06	0.000166437	6.09143e-06	1.20914e-05	0.00152851	3.09
11	11000	1.80606	91.4261	2.56543e-05	4.26114e-05	3.16571e-06	0.000166591	6.13714e-06	1.21486e-05	0.00151393	3.00
11	11000	1.82239	91.513	2.57943e-05	4.28429e-05	3.23714e-06	0.000166654	6.11714e-06	1.21771e-05	0.0015333	3.02
11	11000	1.7975	91.3719	2.57114e-05	4.26457e-05	3.25429e-06	0.000166366	6.19143e-06	1.21743e-05	0.00150179	2.99
11	11000	1.79178	91.327	2.57657e-05	4.26314e-05	3.25143e-06	0.000166463	6.10286e-06	1.20629e-05	0.00149272	2.97
11	11000	1.82692	91.5156	2.56771e-05	4.26657e-05	3.2e-06	0.000166523	6.11429e-06	1.21457e-05	0.00153301	3.02
11	11000	1.79462	91.3751	2.57943e-05	4.27257e-05	3.22286e-06	0.000166534	6.16571e-06	1.20886e-05	0.00150216	2.99
11	11000	1.78336	91.2914	2.57514e-05	4.26629e-05	3.33429e-06	0.000166469	6.16e-06	1.21486e-05	0.0014842	2.97
11	11000	1.79577	91.3531	2.584e-05	4.28229e-05	3.29143e-06	0.000166531	6.15714e-06	1.21257e-05	0.00149857	2.99
11	11000	1.79554	91.393	2.57686e-05	4.26429e-05	3.28e-06	0.000166454	6.15429e-06	1.214e-05	0.00150585	2.99
12	12000	2.10929	92.4757	2.73343e-05	4.55429e-05	3.30286e-06	0.00017124	6.34286e-06	1.286e-05	0.00180328	3.48
12	12000	2.11023	92.4449	2.734e-05	4.55657e-05	3.3e-06	0.000171131	6.39714e-06	1.28514e-05	0.00179741	3.41
12	12000	2.09763	92.4026	2.726e-05	4.55114e-05	3.32e-06	0.000171031	6.32857e-06	1.28171e-05	0.00178254	3.40
12	12000	2.0982	92.402	2.74e-05	4.55943e-05	3.38286e-06	0.00017114	6.39429e-06	1.29029e-05	0.00178515	3.39
12	12000	2.08549	92.3562	2.74029e-05	4.57086e-05	3.36286e-06	0.000171091	6.40857e-06	1.29171e-05	0.00176999	3.38
12	12000	2.11182	92.4378	2.73114e-05	4.56314e-05	3.34571e-06	0.000171163	6.33429e-06	1.29057e-05	0.00179693	3.41
12	12000	2.09067	92.3742	2.73229e-05	4.55743e-05	3.35714e-06	0.00017104	6.38e-06	1.28714e-05	0.00177442	3.38
12	12000	2.09447	92.4242	2.73914e-05	4.56257e-05	3.34571e-06	0.000171151	6.38e-06	1.296e-05	0.00178837	3.39
12	12000	2.08282	92.3765	2.74629e-05	4.57086e-05	3.34857e-06	0.00017122	6.44e-06	1.29086e-05	0.00177649	3.37
12	12000	2.07984	92.3362	2.73371e-05	4.56371e-05	3.34286e-06	0.000171149	6.41143e-06	1.29257e-05	0.00176246	3.37
