N_THREADS	N_TRANSACTIONS	TIME	N_ABORTS	PROCESS_READ_TIME	PROCESS_WRITE_TIME	PROCESS_VALIDATION_TIME	PROCESS_OTHER_TIME	COMMIT_VALIDATION_TIME	COMMIT_OTHER_TIME	WASTED_TIME
1	1000	0.206849	0	1.754e-05	3.07429e-05	0	0.000139891	6.08571e-07	9.2e-06	2.46286e-06	0.69
1	1000	0.206859	0	1.75371e-05	3.076e-05	0	0.000139883	6.08571e-07	9.2e-06	2.45714e-06	0.59
1	1000	0.206825	0	1.75257e-05	3.07657e-05	0	0.000139857	6.08571e-07	9.20857e-06	2.46571e-06	0.60
1	1000	0.206849	0	1.75371e-05	3.07571e-05	0	0.000139871	6.05714e-07	9.20857e-06	2.46571e-06	0.60
1	1000	0.206874	0	1.754e-05	3.07743e-05	0	0.000139883	6.08571e-07	9.20857e-06	2.45143e-06	0.59
1	1000	0.206888	0	1.75743e-05	3.07171e-05	0	0.000139914	6.08571e-07	9.17714e-06	2.46857e-06	0.59
1	1000	0.20688	0	1.75486e-05	3.07657e-05	0	0.000139891	6.08571e-07	9.18571e-06	2.46571e-06	0.60
1	1000	0.206836	0	1.75257e-05	3.07571e-05	0	0.000139883	6.08571e-07	9.20286e-06	2.46571e-06	0.60
1	1000	0.206896	0	1.756e-05	3.076e-05	0	0.000139909	6.08571e-07	9.17714e-06	2.46571e-06	0.60
1	1000	0.206851	0	1.75343e-05	3.07686e-05	0	0.000139871	6.08571e-07	9.22e-06	2.45429e-06	0.60
2	2000	0.216434	0.546992	1.80714e-05	3.18514e-05	4.85714e-08	0.000140577	6.43429e-06	9.41143e-06	3.15714e-06	0.70
2	2000	0.215772	0.398406	1.80029e-05	3.16429e-05	4.85714e-08	0.000140471	6.43429e-06	9.35429e-06	3.00286e-06	0.61
2	2000	0.216962	0.596421	1.81457e-05	3.21057e-05	2.57143e-08	0.000140623	6.47714e-06	9.42571e-06	3.24571e-06	0.61
2	2000	0.215742	0.447984	1.80029e-05	3.16286e-05	4.85714e-08	0.000140517	6.36571e-06	9.34e-06	3.05714e-06	0.62
2	2000	0.2162	0.546992	1.80314e-05	3.17543e-05	4.85714e-08	0.000140534	6.40857e-06	9.38571e-06	3.14571e-06	0.62
2	2000	0.215854	0.398406	1.80086e-05	3.16714e-05	4.85714e-08	0.000140494	6.42857e-06	9.35429e-06	3.00857e-06	0.61
2	2000	0.216369	0.596421	1.80543e-05	3.18286e-05	4.57143e-08	0.000140531	6.40571e-06	9.38e-06	3.19429e-06	0.61
2	2000	0.216247	0.695134	1.80114e-05	3.16914e-05	2.85714e-08	0.00014056	6.39429e-06	9.38e-06	3.33429e-06	0.61
2	2000	0.216229	0.447984	1.80686e-05	3.18371e-05	4.85714e-08	0.000140546	6.40571e-06	9.37429e-06	3.13143e-06	0.61
2	2000	0.215701	0.398406	1.798e-05	3.15771e-05	4.85714e-08	0.000140514	6.42e-06	9.32286e-06	3.00286e-06	0.61
3	3000	0.222116	1.02276	1.89e-05	3.34629e-05	6.85714e-08	0.000141611	6.68857e-06	9.80286e-06	4.02e-06	0.72
3	3000	0.222994	1.21831	1.89257e-05	3.35514e-05	7.71429e-08	0.000141609	6.72571e-06	9.82e-06	4.53429e-06	0.63
3	3000	0.22292	0.957412	1.90771e-05	3.39543e-05	7.14286e-08	0.000141726	6.79143e-06	9.91714e-06	3.94571e-06	0.63
3	3000	0.222205	0.957412	1.90171e-05	3.36486e-05	7.42857e-08	0.00014166	6.71429e-06	9.80571e-06	3.87143e-06	0.62
3	3000	0.221843	1.02276	1.88971e-05	3.34829e-05	6.28571e-08	0.000141597	6.72571e-06	9.79429e-06	3.97429e-06	0.63
3	3000	0.221892	1.12063	1.88771e-05	3.34257e-05	6e-08	0.000141583	6.68857e-06	9.76286e-06	4.17429e-06	0.63
3	3000	0.222315	1.25082	1.88543e-05	3.33514e-05	6.85714e-08	0.000141569	6.69429e-06	9.81714e-06	4.52571e-06	0.63
3	3000	0.222732	1.21831	1.89286e-05	3.35743e-05	6.57143e-08	0.000141614	6.74857e-06	9.84571e-06	4.12571e-06	0.62
3	3000	0.221933	1.05541	1.89e-05	3.35457e-05	7.42857e-08	0.000141563	6.74286e-06	9.83143e-06	4.07429e-06	0.63
3	3000	0.222379	1.25082	1.896e-05	3.36343e-05	5.42857e-08	0.000141671	6.72857e-06	9.86571e-06	4.15714e-06	0.63
4	4000	0.230416	1.67158	2.02629e-05	3.61171e-05	1.25714e-07	0.000142983	7.05429e-06	1.04571e-05	5.33429e-06	0.80
4	4000	0.231272	1.7199	2.03686e-05	3.63257e-05	1.11429e-07	0.000143114	7.07143e-06	1.05229e-05	5.00286e-06	0.70
4	4000	0.232402	2.00882	2.05429e-05	3.67857e-05	1.11429e-07	0.000143263	7.13429e-06	1.06314e-05	5.76e-06	0.72
4	4000	0.231991	2.08078	2.03686e-05	3.63886e-05	1.05714e-07	0.000143157	7.11143e-06	1.05686e-05	5.75714e-06	0.71
4	4000	0.231267	1.86457	2.03543e-05	3.632e-05	1.37143e-07	0.000143017	7.05714e-06	1.05171e-05	5.50286e-06	0.71
4	4000	0.231336	1.86457	2.03171e-05	3.62514e-05	1.2e-07	0.00014306	7.09429e-06	1.054e-05	5.61714e-06	0.72
4	4000	0.232116	2.03282	2.05229e-05	3.67429e-05	1.11429e-07	0.00014322	7.13143e-06	1.05857e-05	5.57429e-06	0.71
4	4000	0.229521	1.93675	2.01457e-05	3.57657e-05	1.14286e-07	0.000142869	7.02286e-06	1.03914e-05	5.24e-06	0.71
4	4000	0.231842	1.98481	2.04943e-05	3.67829e-05	1.05714e-07	0.000143209	7.11429e-06	1.056e-05	5.24e-06	0.71
4	4000	0.231296	1.67158	2.03571e-05	3.632e-05	1.22857e-07	0.000143129	7.08857e-06	1.05286e-05	5.14286e-06	0.72
5	5000	0.243255	2.53411	2.23943e-05	4.03314e-05	1.6e-07	0.00014524	7.57429e-06	1.14886e-05	6.33429e-06	0.91
5	5000	0.245505	2.81827	2.24714e-05	4.064e-05	1.4e-07	0.000145409	7.62857e-06	1.164e-05	7.23143e-06	0.82
5	5000	0.244586	2.5721	2.24971e-05	4.06114e-05	1.54286e-07	0.000145409	7.61143e-06	1.16543e-05	6.70286e-06	0.83
5	5000	0.243196	2.47708	2.24371e-05	4.034e-05	1.57143e-07	0.000145306	7.58857e-06	1.15914e-05	6.66857e-06	0.83
5	5000	0.242988	2.36282	2.23629e-05	4.032e-05	1.25714e-07	0.00014528	7.53143e-06	1.152e-05	6.29429e-06	0.83
5	5000	0.243584	2.40094	2.25657e-05	4.06743e-05	1.65714e-07	0.000145389	7.60857e-06	1.16314e-05	6.54286e-06	0.82
5	5000	0.242088	2.51511	2.22457e-05	3.99257e-05	1.48571e-07	0.000145157	7.52857e-06	1.14514e-05	6.56571e-06	0.82
5	5000	0.24324	2.4961	2.24429e-05	4.04171e-05	1.54286e-07	0.000145334	7.59143e-06	1.15629e-05	6.49714e-06	0.82
5	5000	0.243065	2.32467	2.23229e-05	4.01714e-05	1.51429e-07	0.000145249	7.55714e-06	1.15543e-05	6.38857e-06	0.83
5	5000	0.243648	2.47708	2.23943e-05	4.04086e-05	1.42857e-07	0.000145283	7.58571e-06	1.15457e-05	6.63429e-06	0.83
6	6000	0.256242	3.05381	2.46371e-05	4.43057e-05	1.94286e-07	0.000147829	8.02857e-06	1.25857e-05	7.89143e-06	0.96
6	6000	0.257158	3.30379	2.47457e-05	4.45429e-05	2.31429e-07	0.000147889	8.10857e-06	1.26886e-05	8.41714e-06	0.93
6	6000	0.258163	3.08512	2.48e-05	4.48714e-05	2e-07	0.000148034	8.12571e-06	1.27371e-05	8.08571e-06	0.94
6	6000	0.256489	3.02247	2.462e-05	4.442e-05	2.05714e-07	0.000147874	8.07714e-06	1.268e-05	7.93429e-06	0.94
6	6000	0.256084	2.89691	2.46914e-05	4.45286e-05	1.97143e-07	0.000147911	8.08e-06	1.266e-05	7.69143e-06	0.94
6	6000	0.258409	3.49043	2.49543e-05	4.528e-05	1.91429e-07	0.000148134	8.14571e-06	1.27914e-05	8.56857e-06	0.94
6	6000	0.258608	2.97542	2.50114e-05	4.52971e-05	2.02857e-07	0.000148217	8.17143e-06	1.28429e-05	7.98286e-06	0.93
6	6000	0.25725	3.36608	2.46371e-05	4.45371e-05	2e-07	0.000147834	8.09429e-06	1.26571e-05	8.16286e-06	0.94
6	6000	0.256379	3.2882	2.46486e-05	4.44114e-05	2e-07	0.000147911	8.07429e-06	1.26371e-05	8.04571e-06	0.94
6	6000	0.259367	3.27261	2.50029e-05	4.53229e-05	2.14286e-07	0.000148189	8.18571e-06	1.28171e-05	8.59714e-06	0.94
7	7000	0.275961	3.84615	2.802e-05	5.088e-05	2.6e-07	0.000151651	8.87429e-06	1.43657e-05	9.91714e-06	1.14
7	7000	0.276089	3.89896	2.80829e-05	5.09343e-05	2.54286e-07	0.000151649	8.85429e-06	1.432e-05	9.90286e-06	1.08
7	7000	0.277366	3.76684	2.81914e-05	5.13829e-05	2.57143e-07	0.000151706	8.92571e-06	1.44057e-05	9.92571e-06	1.08
7	7000	0.278967	4.13585	2.83286e-05	5.16514e-05	2.77143e-07	0.000151823	8.93714e-06	1.44714e-05	1.02457e-05	1.08
7	7000	0.275874	3.66089	2.81314e-05	5.114e-05	2.71429e-07	0.000151671	8.92571e-06	1.44314e-05	9.45429e-06	1.07
7	7000	0.278166	3.80651	2.83657e-05	5.18714e-05	2.6e-07	0.000151909	8.98571e-06	1.45257e-05	1.01171e-05	1.07
7	7000	0.279365	4.18834	2.856e-05	5.23114e-05	2.6e-07	0.000152057	9.09143e-06	1.46829e-05	1.04343e-05	1.09
7	7000	0.278703	3.85936	2.85371e-05	5.22143e-05	2.77143e-07	0.000151997	9.04e-06	1.45771e-05	1.02314e-05	1.09
7	7000	0.277126	3.6874	2.84629e-05	5.19857e-05	2.62857e-07	0.000151949	8.97714e-06	1.45143e-05	9.26857e-06	1.08
7	7000	0.278429	4.08331	2.82714e-05	5.14086e-05	2.91429e-07	0.000151746	8.88857e-06	1.43743e-05	1.02486e-05	1.08
8	8000	0.299304	4.40913	3.22829e-05	5.90971e-05	3.34286e-07	0.000156214	9.84286e-06	1.63943e-05	1.14743e-05	1.20
8	8000	0.30015	4.06524	3.242e-05	5.93629e-05	3.54286e-07	0.000156371	9.95714e-06	1.66e-05	1.10086e-05	1.20
8	8000	0.299477	4.55738	3.21914e-05	5.87971e-05	3.4e-07	0.00015614	9.83714e-06	1.63486e-05	1.20429e-05	1.20
8	8000	0.299228	4.52321	3.21571e-05	5.87114e-05	3e-07	0.000156131	9.88857e-06	1.642e-05	1.18429e-05	1.20
8	8000	0.302755	4.8412	3.25e-05	5.96229e-05	3.28571e-07	0.000156349	9.92857e-06	1.65514e-05	1.25029e-05	1.20
8	8000	0.299443	4.27187	3.23229e-05	5.91486e-05	3.28571e-07	0.000156211	9.88571e-06	1.63971e-05	1.13143e-05	1.20
8	8000	0.301753	4.80723	3.24943e-05	5.95857e-05	3.08571e-07	0.000156397	9.96857e-06	1.65686e-05	1.236e-05	1.20
8	8000	0.299314	4.4548	3.24429e-05	5.938e-05	3.37143e-07	0.000156331	9.89429e-06	1.64857e-05	1.13857e-05	1.20
8	8000	0.300111	4.34055	3.24029e-05	5.91771e-05	3.34286e-07	0.000156229	9.81143e-06	1.63714e-05	1.17143e-05	1.20
8	8000	0.300453	4.61428	3.23229e-05	5.91514e-05	3.25714e-07	0.000156234	9.86286e-06	1.64229e-05	1.21686e-05	1.20
9	9000	0.328774	5.20329	3.736e-05	6.876e-05	4.45714e-07	0.00016154	1.11171e-05	1.89171e-05	1.45029e-05	1.39
9	9000	0.328134	4.96304	3.74571e-05	6.896e-05	4.71429e-07	0.00016152	1.11343e-05	1.89543e-05	1.37286e-05	1.33
9	9000	0.328777	5.44232	3.73657e-05	6.88057e-05	4.08571e-07	0.00016162	1.11286e-05	1.89457e-05	1.49114e-05	1.33
9	9000	0.328423	5.41251	3.718e-05	6.842e-05	4.02857e-07	0.000161509	1.10886e-05	1.88686e-05	1.49029e-05	1.33
9	9000	0.327038	5.10333	3.73171e-05	6.86171e-05	4.4e-07	0.0001615	1.10829e-05	1.88886e-05	1.39829e-05	1.32
9	9000	0.327482	5.35282	3.72029e-05	6.83114e-05	3.94286e-07	0.000161509	1.10314e-05	1.87943e-05	1.45286e-05	1.33
9	9000	0.329879	5.55147	3.726e-05	6.854e-05	4.31429e-07	0.000161494	1.10914e-05	1.88857e-05	1.53229e-05	1.33
9	9000	0.329169	5.57129	3.72657e-05	6.86343e-05	4.31429e-07	0.000161569	1.11543e-05	1.902e-05	1.50343e-05	1.33
9	9000	0.328978	5.37273	3.74e-05	6.88886e-05	3.97143e-07	0.00016158	1.10629e-05	1.88314e-05	1.44171e-05	1.32
9	9000	0.327653	5.20329	3.71371e-05	6.83e-05	3.88571e-07	0.000161554	1.11514e-05	1.90086e-05	1.44286e-05	1.32
10	10000	0.359182	5.53561	4.28571e-05	7.93886e-05	4.94286e-07	0.000167551	1.25e-05	2.17429e-05	1.646e-05	1.52
10	10000	0.362622	6.58571	4.294e-05	7.96314e-05	5.17143e-07	0.00016754	1.25657e-05	2.17771e-05	1.87971e-05	1.46
10	10000	0.36066	6.12973	4.27914e-05	7.91114e-05	5.11429e-07	0.000167411	1.24543e-05	2.16457e-05	1.79086e-05	1.46
10	10000	0.358934	5.97969	4.28857e-05	7.898e-05	4.82857e-07	0.000167566	1.23629e-05	2.156e-05	1.69257e-05	1.45
10	10000	0.359508	5.84691	4.28457e-05	7.89629e-05	5.22857e-07	0.000167443	1.23943e-05	2.15714e-05	1.69143e-05	1.45
10	10000	0.359409	6.24414	4.28429e-05	7.896e-05	5.25714e-07	0.000167414	1.23971e-05	2.15229e-05	1.76714e-05	1.45
10	10000	0.361047	5.97085	4.294e-05	7.93829e-05	5.34286e-07	0.000167526	1.24229e-05	2.16229e-05	1.74714e-05	1.47
10	10000	0.360165	6.10329	4.27257e-05	7.876e-05	5.28571e-07	0.00016736	1.24e-05	2.15543e-05	1.77714e-05	1.45
10	10000	0.360319	6.06801	4.28943e-05	7.95943e-05	4.82857e-07	0.000167471	1.24743e-05	2.16829e-05	1.77543e-05	1.45
10	10000	0.361622	6.52458	4.28771e-05	7.95857e-05	4.85714e-07	0.000167477	1.25171e-05	2.168e-05	1.84486e-05	1.46
11	11000	0.39518	7.01606	4.89571e-05	9.08971e-05	5.85714e-07	0.00017396	1.39e-05	2.45657e-05	2.10657e-05	1.59
11	11000	0.39474	7.03963	4.88657e-05	9.05829e-05	6.11429e-07	0.000173846	1.39257e-05	2.46486e-05	2.15086e-05	1.59
11	11000	0.394848	7.03178	4.88771e-05	9.08114e-05	6.08571e-07	0.000173829	1.39914e-05	2.46771e-05	2.17086e-05	1.59
11	11000	0.394109	6.89013	4.888e-05	9.08543e-05	5.68571e-07	0.000173954	1.39571e-05	2.45971e-05	2.11686e-05	1.59
11	11000	0.396023	7.20432	4.89057e-05	9.08457e-05	6.25714e-07	0.000173803	1.40057e-05	2.46714e-05	2.22171e-05	1.59
11	11000	0.395619	7.10244	4.87714e-05	9.066e-05	5.68571e-07	0.00017384	1.398e-05	2.47057e-05	2.16314e-05	1.59
11	11000	0.393921	7.04749	4.896e-05	9.08457e-05	5.94286e-07	0.000173917	1.38829e-05	2.45314e-05	2.11829e-05	1.59
11	11000	0.394299	7.18866	4.88143e-05	9.06371e-05	5.94286e-07	0.000173777	1.39714e-05	2.46714e-05	2.15e-05	1.59
11	11000	0.394296	6.89013	4.88343e-05	9.032e-05	6.4e-07	0.00017374	1.386e-05	2.45286e-05	2.08371e-05	1.59
11	11000	0.394566	6.70851	4.88714e-05	9.07971e-05	6.2e-07	0.000173843	1.39914e-05	2.46914e-05	2.08257e-05	1.59
12	12000	0.429709	7.38597	5.51943e-05	0.000102803	6.77143e-07	0.000180663	1.54771e-05	2.77057e-05	2.43057e-05	1.79
12	12000	0.430896	7.62836	5.52543e-05	0.000102983	7.62857e-07	0.000180537	1.55086e-05	2.76886e-05	2.47543e-05	1.72
12	12000	0.429449	7.50732	5.52429e-05	0.000102891	7.22857e-07	0.000180549	1.55229e-05	2.77257e-05	2.41371e-05	1.72
12	12000	0.430317	7.56432	5.518e-05	0.000102711	7.22857e-07	0.000180594	1.552e-05	2.774e-05	2.43543e-05	1.73
12	12000	0.429952	7.43598	5.51171e-05	0.000102454	6.8e-07	0.00018052	1.54686e-05	2.77086e-05	2.43629e-05	1.73
12	12000	0.429638	7.5287	5.514e-05	0.000102843	7.34286e-07	0.000180471	1.55343e-05	2.77086e-05	2.416e-05	1.72
12	12000	0.429877	7.47166	5.50857e-05	0.000102503	7.57143e-07	0.000180486	1.55457e-05	2.78229e-05	2.38286e-05	1.73
12	12000	0.429586	7.37882	5.52571e-05	0.00010292	7.6e-07	0.000180517	1.55229e-05	2.77743e-05	2.39457e-05	1.72
12	12000	0.431114	8.06007	5.52086e-05	0.000102997	7.17143e-07	0.0001806	1.55086e-05	2.77429e-05	2.6e-05	1.73
12	12000	0.430416	7.87655	5.51257e-05	0.0001027	7e-07	0.000180577	1.54886e-05	2.77114e-05	2.51857e-05	1.72
