N_THREADS	N_TRANSACTIONS	TIME	N_ABORTS	PROCESS_READ_TIME	PROCESS_WRITE_TIME	PROCESS_VALIDATION_TIME	PROCESS_OTHER_TIME	COMMIT_VALIDATION_TIME	COMMIT_OTHER_TIME	WASTED_TIME
1	192	56.5987	0	0.000214483	0.000353466	0	0.0383378	6.31429e-07	5.96429e-05	2.48571e-06	56.84
1	192	56.6035	0	0.0002141	0.000353774	0	0.0383632	6.25714e-07	5.958e-05	2.52571e-06	56.85
1	192	56.6426	0	0.000214049	0.000353263	0	0.0385672	6.22857e-07	5.98886e-05	2.52286e-06	56.89
2	192	33.3223	4.47761	0.000225149	0.00037438	0	0.0505765	4.35514e-05	6.29114e-05	0.0380637	33.62
2	192	33.3207	4.47761	0.000225269	0.000374349	0	0.050566	4.35857e-05	6.29143e-05	0.0380645	33.57
2	192	33.3222	4.47761	0.000225194	0.000374283	0	0.0505725	4.35371e-05	6.29543e-05	0.0380643	33.58
3	192	27.6405	10.6977	0.000245749	0.000410986	0	0.13131	5.71143e-05	6.81286e-05	0.103514	27.95
3	192	27.6439	10.6977	0.000245591	0.00041118	0	0.13135	5.702e-05	6.81371e-05	0.103526	27.90
3	192	27.6403	10.6977	0.000245763	0.000411094	0	0.131309	5.71486e-05	6.81229e-05	0.103513	27.90
4	192	24.573	13.5135	0.000276591	0.000467603	0	0.0929859	6.42143e-05	7.69171e-05	0.129319	24.93
4	192	24.5768	13.5135	0.000276837	0.000467989	0	0.0930167	6.43457e-05	7.68914e-05	0.129348	24.88
4	192	24.5769	13.5135	0.00027698	0.000468931	0	0.0930262	6.43714e-05	7.69571e-05	0.129334	24.88
5	192	23.2661	17.2414	0.000324357	0.000551571	0	0.0715755	7.734e-05	9.09629e-05	0.195739	23.62
5	192	23.2722	17.2414	0.000324843	0.000552074	0	0.0715918	7.78971e-05	9.094e-05	0.195731	23.62
5	192	23.271	17.2414	0.000324646	0.00055108	0	0.0715781	7.79057e-05	9.09086e-05	0.195735	23.62
6	192	22.8502	20.6612	0.00039086	0.000675071	0	0.129012	9.122e-05	0.00011018	0.235136	23.26
6	192	22.8484	20.6612	0.0003909	0.000675337	0	0.129022	9.12029e-05	0.000110426	0.235144	23.25
6	192	22.8516	20.6612	0.000391274	0.000675917	0	0.129029	9.13e-05	0.000110194	0.235131	23.26
7	192	28.7261	28.3582	0.000460251	0.000798131	0	0.13023	0.000102726	0.000129517	0.345639	29.19
7	192	28.7269	28.3582	0.000459997	0.000797417	0	0.130228	0.000102874	0.000129486	0.345642	29.17
7	192	28.726	28.3582	0.000460683	0.000798283	0	0.130219	0.00010274	0.000129631	0.345615	29.18
8	192	27.7003	28.8889	0.000521457	0.000908671	0	0.263545	0.000111283	0.000146886	0.31485	28.26
8	192	26.884	29.4118	0.0005282	0.000922546	0	0.268878	0.000113643	0.000148943	0.211137	27.38
8	192	26.8833	29.4118	0.000528543	0.000922557	0	0.268877	0.000113683	0.000149054	0.211137	27.39
9	192	30.2989	34.471	0.00060376	0.00105683	0	0.267844	0.000129926	0.000170411	0.294475	30.92
9	192	30.2972	34.2466	0.000603866	0.00105681	0	0.267831	0.000129814	0.000170317	0.294486	30.86
9	192	30.2971	34.2466	0.000603949	0.00105676	0	0.267812	0.000129966	0.000170451	0.294428	30.85
10	192	28.9947	34.471	0.000663883	0.00116261	0	0.271076	0.000146363	0.000187237	0.270561	29.67
10	192	28.9947	34.471	0.000663689	0.0011627	0	0.271079	0.000146371	0.00018686	0.270577	29.60
10	192	28.9932	34.471	0.000664354	0.00116302	0	0.271051	0.00014658	0.000186923	0.270562	29.61
11	192	29.2085	36.8421	0.000745851	0.00131105	0	0.34105	0.000160569	0.000210137	0.333936	29.94
11	192	29.2078	36.8421	0.000746071	0.00131053	0	0.34104	0.000160717	0.000210069	0.333935	29.87
11	192	29.2084	36.8421	0.000745777	0.00131101	0	0.341053	0.000160523	0.000210154	0.333945	29.87
api:W:2023-07-24|01:06:21: One or more DPUs are in fault, attach to them by running: 'dpu-lldb-attach-dpu x.x.x <program_path>'	0.80
api:W:2023-07-24|01:06:22: One or more DPUs are in fault, attach to them by running: 'dpu-lldb-attach-dpu x.x.x <program_path>'	0.70
api:W:2023-07-24|01:06:23: One or more DPUs are in fault, attach to them by running: 'dpu-lldb-attach-dpu x.x.x <program_path>'	0.70
