N_THREADS	N_TRANSACTIONS	TIME	N_ABORTS	PROCESS_READ_TIME	PROCESS_WRITE_TIME	PROCESS_VALIDATION_TIME	PROCESS_OTHER_TIME	COMMIT_VALIDATION_TIME	COMMIT_OTHER_TIME	WASTED_TIME
1	1000	1.65959	0	0.00039	0.000168591	0	0.000838069	2.48571e-07	0.000253674	2.39143e-06	2.09
1	1000	1.65918	0	0.000389843	0.000168609	0	0.000837903	2.51429e-07	0.000253549	2.39714e-06	2.09
1	1000	1.65904	0	0.000389829	0.000168531	0	0.000837817	2.51429e-07	0.000253591	2.39143e-06	2.09
1	1000	1.65907	0	0.000389777	0.000168571	0	0.000837889	2.48571e-07	0.000253563	2.39429e-06	2.08
1	1000	1.65952	0	0.000389989	0.000168569	0	0.000837854	2.51429e-07	0.000253854	2.38571e-06	2.08
1	1000	1.65908	0	0.000389811	0.000168569	0	0.000837869	2.51429e-07	0.000253557	2.39143e-06	2.07
1	1000	1.65903	0	0.000389723	0.000168569	0	0.000837874	2.51429e-07	0.000253586	2.38571e-06	2.08
1	1000	1.65896	0	0.000389806	0.000168443	0	0.000837954	2.48571e-07	0.000253491	2.38857e-06	2.08
1	1000	1.65913	0	0.00038982	0.00016856	0	0.000837891	2.51429e-07	0.000253589	2.39429e-06	2.08
1	1000	1.65962	0	0.000389894	0.000168717	0	0.000837891	2.51429e-07	0.000253866	2.38286e-06	2.08
2	2000	1.71521	1.52634	0.000405043	0.000174417	0	0.000849017	2.51429e-07	0.000262349	1.70686e-05	2.14
2	2000	1.71813	1.76817	0.000404754	0.00017438	0	0.00084926	2.51429e-07	0.000262209	1.972e-05	2.15
2	2000	1.71748	1.52634	0.00040494	0.000174734	0	0.000848751	2.51429e-07	0.000262046	1.75743e-05	2.15
2	2000	1.71859	1.8164	0.000404489	0.000174191	0	0.000848923	2.48571e-07	0.000263103	2.048e-05	2.14
2	2000	1.71844	1.7199	0.000404797	0.00017434	0	0.000849163	2.48571e-07	0.000262611	1.90571e-05	2.15
2	2000	1.71849	1.67158	0.000404849	0.000174377	0	0.000848969	2.51429e-07	0.000262674	1.83543e-05	2.15
2	2000	1.71887	1.67158	0.000404991	0.000174537	0	0.000849054	2.48571e-07	0.000262669	1.83657e-05	2.16
2	2000	1.71836	1.67158	0.000404789	0.000174389	0	0.000848929	2.48571e-07	0.00026264	1.83543e-05	2.15
2	2000	1.71566	1.67158	0.000404634	0.000174383	0	0.00084888	2.48571e-07	0.000262623	1.77714e-05	2.15
2	2000	1.71855	1.67158	0.000404866	0.00017434	0	0.000849003	2.51429e-07	0.000262734	1.83629e-05	2.15
3	3000	1.79405	2.94403	0.000425194	0.000183734	0	0.000865489	2.48571e-07	0.0002765	3.24914e-05	2.31
3	3000	1.79657	2.97542	0.000425003	0.000183571	0	0.000865411	2.48571e-07	0.000276751	3.48143e-05	2.24
3	3000	1.7972	3.16333	0.000424857	0.000184066	0	0.000864783	2.48571e-07	0.00027496	3.44086e-05	2.23
3	3000	1.80024	3.41275	0.000424809	0.000183431	0	0.000865449	2.48571e-07	0.000276783	3.75e-05	2.24
3	3000	1.7953	3.06947	0.000424997	0.000183823	0	0.000865303	2.48571e-07	0.000276103	3.43029e-05	2.23
3	3000	1.79237	2.91262	0.000425211	0.000183691	0	0.000865686	2.48571e-07	0.00027696	3.272e-05	2.23
3	3000	1.79787	3.00679	0.000425434	0.000183943	0	0.00086536	2.48571e-07	0.000276354	3.27371e-05	2.24
3	3000	1.79611	2.88119	0.000425006	0.000183489	0	0.000865791	2.48571e-07	0.000277123	3.45914e-05	2.23
3	3000	1.79897	3.19458	0.000425109	0.000183457	0	0.000865731	2.48571e-07	0.000277171	3.53029e-05	2.24
3	3000	1.79361	2.66061	0.000424694	0.00018376	0	0.000864929	2.48571e-07	0.000275609	2.89029e-05	2.23
4	4000	1.90578	4.12272	0.000454854	0.000197123	0	0.000889551	2.51429e-07	0.00029792	5.048e-05	2.42
4	4000	1.90752	4.19162	0.000454877	0.000197683	0	0.000889677	2.51429e-07	0.00029784	5.15457e-05	2.42
4	4000	1.91094	4.44338	0.00045514	0.000198009	0	0.000889586	2.48571e-07	0.00029724	5.25571e-05	2.43
4	4000	1.90188	3.98464	0.000454597	0.000197926	0	0.000889009	2.51429e-07	0.000296431	4.67486e-05	2.41
4	4000	1.91313	4.53461	0.000454997	0.000197257	0	0.000889714	2.48571e-07	0.000298249	5.41743e-05	2.43
4	4000	1.90464	4.16866	0.000454983	0.000197209	0	0.000889917	2.48571e-07	0.000298497	4.96429e-05	2.43
4	4000	1.91781	4.35198	0.00045468	0.000197346	0	0.000889737	2.48571e-07	0.000298257	5.13543e-05	2.43
4	4000	1.9043	4.35198	0.000454994	0.000197889	0	0.00088926	2.48571e-07	0.0002968	5.12486e-05	2.42
4	4000	1.90816	4.28332	0.000455177	0.000197677	0	0.000889774	2.48571e-07	0.000298089	5.12857e-05	2.42
4	4000	1.89982	4.19162	0.0004552	0.000197934	0	0.000889511	2.51429e-07	0.000297246	4.80914e-05	2.41
5	5000	2.07977	5.94432	0.000502749	0.000219377	0	0.000926826	2.42857e-07	0.000333006	7.65229e-05	2.70
5	5000	2.07457	5.67817	0.000501537	0.00021968	0	0.00092552	2.42857e-07	0.000330226	7.46057e-05	2.69
5	5000	2.07215	5.67817	0.000501397	0.0002189	0	0.000925826	2.42857e-07	0.000331949	7.13543e-05	2.70
5	5000	2.07207	5.85577	0.000501343	0.000218906	0	0.00092592	2.42857e-07	0.000332051	7.77886e-05	2.70
5	5000	2.07584	5.53561	0.000503323	0.000219566	0	0.000926574	2.42857e-07	0.000332689	7.33886e-05	2.69
5	5000	2.06701	5.94432	0.00050198	0.00021996	0	0.000925809	2.42857e-07	0.000330191	7.694e-05	2.67
5	5000	2.06603	5.66038	0.000502354	0.000219346	0	0.000926429	2.42857e-07	0.000332514	6.99057e-05	2.68
5	5000	2.07802	6.19137	0.000502126	0.000219414	0	0.000926243	2.42857e-07	0.000333083	8.00886e-05	2.69
5	5000	2.07564	5.90892	0.000502746	0.000219611	0	0.00092704	2.42857e-07	0.000332683	7.568e-05	2.70
5	5000	2.07973	5.71375	0.000501957	0.000220103	0	0.000925637	2.42857e-07	0.000329969	7.22686e-05	2.69
6	6000	2.31603	7.70651	0.000569254	0.000249994	0	0.000978097	2.4e-07	0.000382746	0.000109849	3.10
6	6000	2.29721	6.35243	0.000570717	0.000251223	0	0.000978163	2.4e-07	0.00038062	9.03486e-05	3.01
6	6000	2.30455	7.10636	0.000569834	0.00025	0	0.000978194	2.4e-07	0.000382489	0.000102774	3.02
6	6000	2.29653	6.64385	0.000569883	0.000251111	0	0.000977789	2.4e-07	0.000380306	9.25457e-05	3.01
6	6000	2.29489	6.6874	0.000569737	0.000250583	0	0.000978003	2.4e-07	0.000380983	9.39114e-05	3.01
6	6000	2.29829	6.78888	0.000570357	0.000251154	0	0.00097772	2.4e-07	0.000380603	9.27943e-05	3.02
6	6000	2.31543	7.32159	0.00057062	0.00025134	0	0.00097834	2.4e-07	0.00038138	0.000100417	3.03
6	6000	2.29947	6.87568	0.000569351	0.000250394	0	0.000977777	2.4e-07	0.000380917	9.70686e-05	3.02
6	6000	2.30759	7.27863	0.00056996	0.000249389	0	0.000978657	2.4e-07	0.000384794	0.000102183	3.02
6	6000	2.30717	7.30728	0.000570486	0.000250889	0	0.000978291	2.4e-07	0.000381889	0.00010446	3.02
7	7000	2.59799	8.16059	0.000658651	0.000291831	0	0.00104356	2.4e-07	0.000444477	0.000129823	3.41
7	7000	2.60908	8.79479	0.000656689	0.000289791	0	0.00104364	2.4e-07	0.000446871	0.000142066	3.42
7	7000	2.60189	8.64004	0.00065812	0.000291643	0	0.00104304	2.4e-07	0.000443163	0.00013684	3.41
7	7000	2.59351	8.52065	0.000657689	0.000291234	0	0.00104387	2.4e-07	0.000445709	0.000133494	3.40
7	7000	2.59861	8.5565	0.000657594	0.000292163	0	0.0010427	2.4e-07	0.00044214	0.000135551	3.41
7	7000	2.59763	8.42491	0.000657154	0.000291494	0	0.00104286	2.4e-07	0.000444183	0.000135206	3.41
7	7000	2.6151	8.8779	0.000657991	0.000291103	0	0.00104293	2.4e-07	0.000444494	0.000144514	3.43
7	7000	2.59823	8.46083	0.000658077	0.000291334	0	0.00104351	2.4e-07	0.000445477	0.000134823	3.42
7	7000	2.59975	8.75912	0.000657563	0.000291531	0	0.0010428	2.4e-07	0.00044398	0.000140451	3.43
7	7000	2.5957	8.42491	0.000658554	0.000290269	0	0.00104447	2.4e-07	0.000447994	0.000133897	3.42
8	8000	2.96117	10.0315	0.000760634	0.000338069	0	0.00111811	2.51429e-07	0.000519297	0.000182749	3.95
8	8000	2.93983	9.5943	0.000760309	0.000337331	0	0.00111865	2.51429e-07	0.000520771	0.000172683	3.85
8	8000	2.96374	10.0315	0.000759477	0.00033752	0	0.00111743	2.51429e-07	0.000518726	0.000182623	3.88
8	8000	2.93991	9.64536	0.000761786	0.000338794	0	0.00111833	2.51429e-07	0.000518677	0.000175477	3.85
8	8000	2.93078	8.98749	0.000761346	0.000338391	0	0.00111845	2.51429e-07	0.000518783	0.000162589	3.85
8	8000	2.93127	9.48178	0.000761051	0.000338986	0	0.00111842	2.51429e-07	0.00051886	0.000168849	3.85
8	8000	2.93628	9.21471	0.000761286	0.000338577	0	0.00111838	2.51429e-07	0.000519223	0.000166886	3.84
8	8000	2.94533	9.69635	0.000761991	0.00033876	0	0.00111906	2.51429e-07	0.000519631	0.000174629	3.86
8	8000	2.93963	9.5125	0.000760377	0.000338366	0	0.00111767	2.51429e-07	0.000517154	0.000171549	3.84
8	8000	2.93786	9.5125	0.000762669	0.000339166	0	0.00111877	2.51429e-07	0.000519	0.000172677	3.84
9	9000	3.31265	10.7674	0.000873663	0.000389114	0	0.00119946	2.31429e-07	0.000599371	0.000220011	4.32
9	9000	3.31795	10.6522	0.000873411	0.0003893	0	0.0011987	2.31429e-07	0.000597666	0.000219043	4.32
9	9000	3.33384	11.1813	0.000872463	0.000388291	0	0.00119884	2.31429e-07	0.00059952	0.000231449	4.35
9	9000	3.29685	10.3318	0.000873631	0.000389649	0	0.0011991	2.31429e-07	0.000598114	0.000209271	4.31
9	9000	3.31166	10.6966	0.000872911	0.000388211	0	0.00119925	2.31429e-07	0.000600149	0.000220046	4.33
9	9000	3.31514	10.9792	0.000872431	0.000389451	0	0.00119853	2.31429e-07	0.00059768	0.000223403	4.32
9	9000	3.32048	10.599	0.000873146	0.000388914	0	0.00119977	2.31429e-07	0.000600363	0.00021666	4.32
9	9000	3.3067	10.5368	0.000871643	0.000387503	0	0.00119845	2.31429e-07	0.000599326	0.000213166	4.32
9	9000	3.3018	10.3675	0.000874366	0.000389409	0	0.00119927	2.31429e-07	0.000598703	0.000208897	4.31
9	9000	3.32015	10.8646	0.000872397	0.000389317	0	0.00119828	2.31429e-07	0.000597614	0.000223034	4.33
10	10000	3.71759	12.0106	0.000990103	0.000440771	0	0.00128263	2.28571e-07	0.000683263	0.000277054	4.90
10	10000	3.70484	11.5827	0.000989874	0.000440643	0	0.00128184	2.28571e-07	0.000681514	0.000265126	4.81
10	10000	3.70823	11.8943	0.000988651	0.000440257	0	0.00128111	2.28571e-07	0.000681014	0.000270797	4.82
10	10000	3.70855	12.1111	0.000988729	0.000440251	0	0.00128144	2.28571e-07	0.000681611	0.000275554	4.82
10	10000	3.70196	11.6998	0.000989531	0.000440914	0	0.00128177	2.28571e-07	0.000680931	0.00026682	4.82
10	10000	3.71194	12.2114	0.00098936	0.000441146	0	0.00128129	2.28571e-07	0.000680774	0.0002795	4.82
10	10000	3.69373	11.6296	0.000989731	0.000440663	0	0.00128165	2.28571e-07	0.00068108	0.000263289	4.80
10	10000	3.7181	12.3729	0.000988594	0.000440531	0	0.00128093	2.28571e-07	0.000680309	0.000284543	4.82
10	10000	3.73442	12.419	0.000988423	0.000440934	0	0.00128157	2.28571e-07	0.000681203	0.000290037	4.84
10	10000	3.72645	12.3038	0.0009899	0.000440914	0	0.00128207	2.28571e-07	0.000681689	0.000285934	4.84
11	11000	4.11537	13.2287	0.00110675	0.000492811	0	0.00136518	2.51429e-07	0.000763929	0.000339094	5.39
11	11000	4.12639	13.6374	0.00110771	0.000493934	0	0.00136554	2.51429e-07	0.00076386	0.000351529	5.34
11	11000	4.12679	13.3517	0.00110801	0.000493589	0	0.00136644	2.48571e-07	0.000765763	0.00034432	5.34
11	11000	4.10576	13.0091	0.00110829	0.000493689	0	0.00136622	2.51429e-07	0.000765217	0.000334983	5.32
11	11000	4.10937	13.071	0.00110615	0.000493051	0	0.00136581	2.51429e-07	0.00076492	0.000336446	5.32
11	11000	4.1252	13.7661	0.0011076	0.000493123	0	0.00136659	2.51429e-07	0.000766569	0.000356357	5.34
11	11000	4.11561	13.2561	0.00110821	0.00049426	0	0.00136666	2.51429e-07	0.000764914	0.000339543	5.33
11	11000	4.09499	12.6846	0.0011095	0.000494449	0	0.00136677	2.51429e-07	0.000764866	0.000322134	5.31
11	11000	4.11136	13.2629	0.00110808	0.00049358	0	0.00136643	2.51429e-07	0.000765523	0.000336757	5.33
11	11000	4.12187	13.1944	0.00110605	0.000493063	0	0.0013652	2.51429e-07	0.000763734	0.000340223	5.33
12	12000	4.52218	14.4202	0.00122292	0.000544757	0	0.00144899	2.4e-07	0.000847843	0.0004081	5.82
12	12000	4.51028	13.9723	0.0012252	0.00054544	0	0.00144939	2.4e-07	0.000848171	0.000394517	5.82
12	12000	4.54564	15.0262	0.0012234	0.000544671	0	0.00144839	2.4e-07	0.000846663	0.000427943	5.86
12	12000	4.51404	13.9291	0.00122563	0.000546209	0	0.00145091	2.4e-07	0.000849283	0.0003941	5.82
12	12000	4.51916	14.3163	0.00122331	0.000545543	0	0.00144867	2.4e-07	0.000846289	0.000408906	5.83
12	12000	4.53944	14.803	0.00122256	0.000544797	0	0.00144928	2.4e-07	0.000848317	0.000422743	5.85
12	12000	4.50579	14.0832	0.00122509	0.000546209	0	0.00145012	2.4e-07	0.000848477	0.000393414	5.82
12	12000	4.51797	14.1324	0.00122608	0.0005464	0	0.00145033	2.4e-07	0.000848214	0.000396543	5.83
12	12000	4.51925	14.2367	0.00122297	0.000544817	0	0.00144923	2.4e-07	0.000848257	0.000405123	5.83
12	12000	4.53405	14.5847	0.00122287	0.000544997	0	0.00144923	2.4e-07	0.000848237	0.000416269	5.84
