N_THREADS	N_TRANSACTIONS	TIME	N_ABORTS	PROCESS_READ_TIME	PROCESS_WRITE_TIME	PROCESS_VALIDATION_TIME	PROCESS_OTHER_TIME	COMMIT_VALIDATION_TIME	COMMIT_OTHER_TIME	WASTED_TIME
1	1000	1.02647	0	0.000203237	5.61171e-05	0	0.000672083	2.51429e-07	9.18429e-05	1.13429e-06	1.44
1	1000	1.02656	0	0.000203231	5.61171e-05	0	0.000672149	2.51429e-07	9.18771e-05	1.13429e-06	1.45
1	1000	1.02639	0	0.000203234	5.61e-05	0	0.000672043	2.48571e-07	9.18343e-05	1.12857e-06	1.45
1	1000	1.02634	0	0.000203214	5.61086e-05	0	0.00067202	2.48571e-07	9.18229e-05	1.13143e-06	1.45
1	1000	1.02657	0	0.000203229	5.61257e-05	0	0.000672137	2.51429e-07	9.18971e-05	1.13143e-06	1.45
1	1000	1.02657	0	0.000203217	5.61171e-05	0	0.000672146	2.51429e-07	9.19057e-05	1.13143e-06	1.45
1	1000	1.02626	0	0.000203189	5.61e-05	0	0.000672066	2.48571e-07	9.17229e-05	1.13143e-06	1.45
1	1000	1.02651	0	0.000203229	5.61171e-05	0	0.0006721	2.51429e-07	9.18771e-05	1.13429e-06	1.45
1	1000	1.02659	0	0.000203249	5.61143e-05	0	0.000672134	2.51429e-07	9.19114e-05	1.13143e-06	1.45
1	1000	1.02644	0	0.000203234	5.61e-05	0	0.000672069	2.51429e-07	9.18543e-05	1.13143e-06	1.45
2	2000	1.04161	2.00882	0.000203943	5.62286e-05	0	0.000672329	2.51429e-07	9.252e-05	1.42486e-05	1.47
2	2000	1.03717	1.52634	0.000204009	5.62229e-05	0	0.000672337	2.51429e-07	9.23371e-05	1.01229e-05	1.48
2	2000	1.0369	1.38067	0.000204049	5.62229e-05	0	0.00067234	2.51429e-07	9.22086e-05	9.58e-06	1.47
2	2000	1.04005	1.67158	0.000203971	5.62171e-05	0	0.000672309	2.51429e-07	9.25257e-05	1.15771e-05	1.48
2	2000	1.04047	1.67158	0.000203963	5.624e-05	0	0.000672406	2.48571e-07	9.254e-05	1.25829e-05	1.47
2	2000	1.03736	1.52634	0.000204026	5.62257e-05	0	0.000672414	2.51429e-07	9.24171e-05	1.01257e-05	1.47
2	2000	1.03683	1.38067	0.000204037	5.622e-05	0	0.000672354	2.51429e-07	9.22057e-05	9.58857e-06	1.47
2	2000	1.04166	2.00882	0.000203897	5.62143e-05	0	0.000672329	2.51429e-07	9.25943e-05	1.426e-05	1.47
2	2000	1.0372	1.52634	0.000204	5.62114e-05	0	0.000672343	2.48571e-07	9.23771e-05	1.012e-05	1.47
2	2000	1.03995	1.67158	0.000203997	5.62257e-05	0	0.000672349	2.45714e-07	9.23571e-05	1.158e-05	1.47
3	3000	1.05647	3.00679	0.000204917	5.63514e-05	0	0.000672543	2.48571e-07	9.3e-05	2.08286e-05	1.57
3	3000	1.05304	3.22581	0.000204857	5.63543e-05	0	0.000672529	2.48571e-07	9.29514e-05	2.28743e-05	1.49
3	3000	1.05233	3.13206	0.000204923	5.63686e-05	0	0.000672551	2.48571e-07	9.29829e-05	2.13857e-05	1.50
3	3000	1.05317	3.06947	0.000204814	5.63457e-05	0	0.000672466	2.48571e-07	9.30943e-05	2.11257e-05	1.50
3	3000	1.0495	2.72374	0.00020492	5.63629e-05	0	0.000672523	2.48571e-07	9.28229e-05	1.94714e-05	1.49
3	3000	1.05267	2.84974	0.000204957	5.63543e-05	0	0.00067252	2.48571e-07	9.28829e-05	2.03857e-05	1.48
3	3000	1.05079	3.03814	0.000204914	5.63657e-05	0	0.000672626	2.48571e-07	9.28486e-05	2.10286e-05	1.49
3	3000	1.0528	3.19458	0.000204903	5.63429e-05	0	0.000672523	2.48571e-07	9.30429e-05	2.08286e-05	1.50
3	3000	1.05569	3.13206	0.000204954	5.63714e-05	0	0.000672649	2.48571e-07	9.3e-05	2.14857e-05	1.50
3	3000	1.05425	3.35052	0.000204871	5.636e-05	0	0.000672511	2.48571e-07	9.28743e-05	2.28914e-05	1.49
4	4000	1.06506	4.48902	0.000205966	5.64943e-05	0	0.000672583	2.48571e-07	9.41571e-05	3.05514e-05	1.59
4	4000	1.06598	4.51182	0.000205951	5.65171e-05	0	0.000672866	2.51429e-07	9.38171e-05	3.14514e-05	1.59
4	4000	1.06841	4.16866	0.000206074	5.64971e-05	0	0.000672734	2.48571e-07	9.38771e-05	2.77571e-05	1.59
4	4000	1.06274	4.37485	0.000206031	5.64914e-05	0	0.000672731	2.48571e-07	9.38514e-05	2.93686e-05	1.58
4	4000	1.06529	4.26041	0.00020608	5.64771e-05	0	0.000672726	2.51429e-07	9.408e-05	2.85429e-05	1.58
4	4000	1.06534	4.71653	0.000206011	5.64886e-05	0	0.000672726	2.48571e-07	9.412e-05	3.16571e-05	1.59
4	4000	1.06123	4.03071	0.000205997	5.64829e-05	0	0.000672597	2.42857e-07	9.37457e-05	2.68114e-05	1.58
4	4000	1.06438	4.1457	0.000205983	5.64914e-05	0	0.000672771	2.45714e-07	9.41114e-05	2.73314e-05	1.58
4	4000	1.06544	4.67112	0.000206186	5.648e-05	0	0.000672734	2.48571e-07	9.40114e-05	3.18743e-05	1.59
4	4000	1.06226	4.00768	0.000205894	5.64971e-05	0	0.000672743	2.48571e-07	9.38314e-05	2.57486e-05	1.58
5	5000	1.07865	5.64257	0.000207509	5.66343e-05	0	0.000672991	2.42857e-07	9.54886e-05	4.08229e-05	1.77
5	5000	1.08385	6.3495	0.00020752	5.66629e-05	0	0.000672966	2.42857e-07	9.49229e-05	4.54486e-05	1.69
5	5000	1.08018	5.83804	0.000207614	5.66457e-05	0	0.000672931	2.42857e-07	9.51429e-05	3.92314e-05	1.70
5	5000	1.08421	5.92662	0.000207531	5.66686e-05	0	0.000672937	2.42857e-07	9.47371e-05	4.03914e-05	1.70
5	5000	1.07682	5.57129	0.000207674	5.66514e-05	0	0.000672937	2.42857e-07	9.49857e-05	3.832e-05	1.70
5	5000	1.08155	5.69596	0.000207529	5.66657e-05	0	0.000672934	2.42857e-07	9.48114e-05	3.89457e-05	1.70
5	5000	1.07959	5.87349	0.000207529	5.66743e-05	0	0.000672966	2.42857e-07	9.48371e-05	4.048e-05	1.70
5	5000	1.08066	5.83804	0.000207543	5.66514e-05	0	0.000672917	2.42857e-07	9.49057e-05	4.05829e-05	1.70
5	5000	1.08162	6.10329	0.000207597	5.66571e-05	0	0.000672931	2.42857e-07	9.50286e-05	4.27971e-05	1.70
5	5000	1.0845	5.96201	0.000207566	5.66629e-05	0	0.000672931	2.42857e-07	9.502e-05	4.01171e-05	1.70
6	6000	1.09339	7.49306	0.000209483	5.68457e-05	0	0.000673309	2.4e-07	9.63286e-05	5.15657e-05	1.89
6	6000	1.08979	6.90458	0.000209297	5.68543e-05	0	0.000673223	2.4e-07	9.59714e-05	4.78943e-05	1.81
6	6000	1.09484	7.49306	0.000209374	5.68314e-05	0	0.000673194	2.4e-07	9.60914e-05	5.20314e-05	1.82
6	6000	1.09795	7.22128	0.000209314	5.68514e-05	0	0.000673289	2.4e-07	9.60771e-05	5.12171e-05	1.81
6	6000	1.09475	7.36452	0.000209189	5.68457e-05	0	0.000673289	2.4e-07	9.60571e-05	5.198e-05	1.81
6	6000	1.09573	7.32159	0.0002093	5.68486e-05	0	0.000673309	2.4e-07	9.62714e-05	5.08e-05	1.81
6	6000	1.09204	6.96232	0.000209331	5.68429e-05	0	0.000673349	2.4e-07	9.60686e-05	4.80229e-05	1.81
6	6000	1.09284	7.12074	0.000209263	5.68371e-05	0	0.000673331	2.4e-07	9.61829e-05	4.93629e-05	1.81
6	6000	1.0937	6.91902	0.000209163	5.68514e-05	0	0.000673274	2.4e-07	9.59857e-05	4.81e-05	1.81
6	6000	1.09704	7.20693	0.000209391	5.68429e-05	0	0.000673326	2.4e-07	9.636e-05	4.94971e-05	1.82
7	7000	1.11053	8.4728	0.00021126	5.70371e-05	0	0.000673569	2.4e-07	9.77486e-05	5.95086e-05	2.00
7	7000	1.11578	8.36497	0.000211326	5.70514e-05	0	0.000673609	2.4e-07	9.75714e-05	6.02514e-05	1.94
7	7000	1.10849	8.5565	0.000211231	5.70514e-05	0	0.00067356	2.4e-07	9.738e-05	5.908e-05	1.93
7	7000	1.10549	8.50869	0.000211223	5.70486e-05	0	0.0006736	2.4e-07	9.73e-05	6.09343e-05	1.91
7	7000	1.11022	8.5326	0.000211266	5.70429e-05	0	0.000673537	2.4e-07	9.74914e-05	6.07429e-05	1.92
7	7000	1.10534	8.02785	0.000211409	5.70543e-05	0	0.000673714	2.4e-07	9.77029e-05	5.64971e-05	1.91
7	7000	1.11594	8.69962	0.000211466	5.70543e-05	0	0.000673654	2.4e-07	9.75029e-05	6.054e-05	1.94
7	7000	1.11487	8.54455	0.000211406	5.70514e-05	0	0.000673609	2.4e-07	9.73629e-05	6.00086e-05	1.93
7	7000	1.10499	8.23283	0.000211534	5.704e-05	0	0.000673631	2.4e-07	9.73714e-05	5.75457e-05	1.92
7	7000	1.11647	8.40094	0.000211671	5.70371e-05	0	0.000673629	2.4e-07	9.77657e-05	6.03286e-05	1.94
8	8000	1.13211	9.71674	0.000213954	5.72771e-05	0	0.000674123	2.48571e-07	9.95229e-05	7.03514e-05	2.12
8	8000	1.1256	9.39977	0.000213903	5.728e-05	0	0.000674111	2.51429e-07	9.902e-05	6.62286e-05	2.04
8	8000	1.12814	10.2535	0.000213843	5.72857e-05	0	0.000674154	2.48571e-07	9.90971e-05	7.536e-05	2.04
8	8000	1.13423	9.89976	0.00021406	5.72857e-05	0	0.000674131	2.51429e-07	9.95057e-05	7.29371e-05	2.05
8	8000	1.11839	9.55342	0.000213689	5.72971e-05	0	0.00067414	2.51429e-07	9.87114e-05	6.61971e-05	2.04
8	8000	1.13102	9.79817	0.00021418	5.72914e-05	0	0.000674169	2.51429e-07	9.938e-05	7.01086e-05	2.04
8	8000	1.12145	9.62494	0.000213697	5.73e-05	0	0.000674126	2.51429e-07	9.89971e-05	6.77086e-05	2.04
8	8000	1.11846	9.62494	0.000213817	5.73e-05	0	0.000674114	2.51429e-07	9.89543e-05	6.77e-05	2.04
8	8000	1.12375	10.0315	0.00021368	5.72914e-05	0	0.000674069	2.51429e-07	9.89343e-05	7.172e-05	2.03
8	8000	1.13231	10.3742	0.000214034	5.72943e-05	0	0.000674177	2.51429e-07	9.91914e-05	7.50971e-05	2.05
9	9000	1.13793	10.8205	0.000216634	5.75743e-05	0	0.000674854	2.31429e-07	0.00010064	7.72771e-05	2.15
9	9000	1.13822	10.6256	0.000216606	5.75714e-05	0	0.00067492	2.31429e-07	0.000100431	7.63114e-05	2.16
9	9000	1.14436	11.5479	0.000216566	5.75686e-05	0	0.00067492	2.31429e-07	0.000100891	8.47943e-05	2.17
9	9000	1.14535	11.2951	0.00021688	5.75857e-05	0	0.000674929	2.31429e-07	0.000101189	8.25114e-05	2.16
9	9000	1.14342	11.076	0.000216471	5.75714e-05	0	0.0006748	2.31429e-07	0.000100837	8.00914e-05	2.16
9	9000	1.14203	11.1199	0.000216337	5.75829e-05	0	0.000674869	2.31429e-07	0.000100214	8.00314e-05	2.16
9	9000	1.13904	10.8028	0.000216803	5.75657e-05	0	0.000674866	2.31429e-07	0.000100663	7.878e-05	2.15
9	9000	1.14525	11.4609	0.000216569	5.75857e-05	0	0.000674874	2.31429e-07	0.000100529	8.442e-05	2.17
9	9000	1.14223	10.7586	0.000216654	5.75686e-05	0	0.000674863	2.31429e-07	0.000100754	7.72629e-05	2.16
9	9000	1.14424	11.4348	0.000216654	5.75886e-05	0	0.000674966	2.31429e-07	0.000100857	8.32543e-05	2.17
10	10000	1.15974	12.1188	0.000219771	5.79114e-05	0	0.000675926	2.28571e-07	0.000102914	8.91314e-05	2.28
10	10000	1.16207	12.3806	0.000220114	5.79143e-05	0	0.000675954	2.28571e-07	0.000103203	9.25686e-05	2.28
10	10000	1.1721	12.6943	0.000219909	5.79257e-05	0	0.000676031	2.28571e-07	0.000102826	9.47743e-05	2.29
10	10000	1.16168	12.4573	0.000220057	5.79143e-05	0	0.000675989	2.28571e-07	0.000103103	9.12686e-05	2.27
10	10000	1.16467	12.5262	0.000220077	5.79286e-05	0	0.000676066	2.28571e-07	0.000103003	9.17e-05	2.28
10	10000	1.15483	11.7232	0.000219903	5.79171e-05	0	0.000675977	2.28571e-07	0.000103057	8.63057e-05	2.26
10	10000	1.16266	12.1497	0.000219937	5.79057e-05	0	0.000675897	2.28571e-07	0.000102754	9.10343e-05	2.28
10	10000	1.15871	11.9331	0.000220026	5.79029e-05	0	0.000675874	2.28571e-07	0.000103303	8.87e-05	2.27
10	10000	1.16436	11.692	0.000220166	5.79086e-05	0	0.000675943	2.28571e-07	0.000103574	8.65086e-05	2.27
10	10000	1.16336	12.4497	0.000220171	5.79143e-05	0	0.000675983	2.28571e-07	0.00010314	9.23229e-05	2.27
11	11000	1.17899	12.9885	0.000223843	5.83571e-05	0	0.000677823	2.51429e-07	0.000105537	9.84686e-05	2.46
11	11000	1.18829	13.379	0.000223583	5.83543e-05	0	0.000677823	2.51429e-07	0.000105211	0.000101571	2.40
11	11000	1.17732	13.0435	0.000224049	5.834e-05	0	0.000677791	2.51429e-07	0.000105637	9.95571e-05	2.39
11	11000	1.17333	12.7053	0.000223669	5.83371e-05	0	0.000677817	2.51429e-07	0.000105314	9.592e-05	2.39
11	11000	1.182	13.7931	0.00022394	5.83657e-05	0	0.000677863	2.51429e-07	0.000105334	0.000105829	2.40
11	11000	1.17907	13.4063	0.000223891	5.83571e-05	0	0.000677817	2.51429e-07	0.000105243	0.000101014	2.40
11	11000	1.19036	13.6103	0.000224077	5.83514e-05	0	0.000677814	2.51429e-07	0.000105586	0.000102514	2.41
11	11000	1.18043	13.522	0.000223954	5.836e-05	0	0.00067782	2.51429e-07	0.000105431	0.000103534	2.40
11	11000	1.17278	13.3449	0.000223591	5.83657e-05	0	0.000677786	2.51429e-07	0.000104954	0.00010022	2.39
11	11000	1.18402	13.9145	0.000223909	5.83514e-05	0	0.000677806	2.51429e-07	0.000105626	0.000106809	2.40
12	12000	1.23714	14.536	0.000233877	6.06314e-05	0	0.000702706	2.4e-07	0.000110006	0.000115591	2.62
12	12000	1.24292	14.6151	0.000234189	6.06286e-05	0	0.000702706	2.4e-07	0.000110411	0.000115971	2.56
12	12000	1.23939	14.5056	0.00023374	6.06314e-05	0	0.000702677	2.4e-07	0.000109683	0.000115631	2.56
12	12000	1.24115	14.803	0.00023364	6.06114e-05	0	0.000702511	2.4e-07	0.000109829	0.000117717	2.56
12	12000	1.2366	14.5299	0.000234057	6.06429e-05	0	0.000702726	2.4e-07	0.000110271	0.00011454	2.56
12	12000	1.23599	14.4385	0.000234043	6.06286e-05	0	0.000702683	2.4e-07	0.00011036	0.000114449	2.55
12	12000	1.2288	14.1385	0.000234277	6.06457e-05	0	0.000702846	2.4e-07	0.000110537	0.000111017	2.55
12	12000	1.24141	14.5725	0.000233551	6.06114e-05	0	0.00070258	2.4e-07	0.000109723	0.000116337	2.56
12	12000	1.23674	14.5238	0.000234371	6.06343e-05	0	0.000702826	2.4e-07	0.000110926	0.000113729	2.56
12	12000	1.24098	14.1754	0.000234077	6.06371e-05	0	0.000702674	2.4e-07	0.000110351	0.00011254	2.56
