N_THREADS	N_TRANSACTIONS	TIME	N_ABORTS	PROCESS_READ_TIME	PROCESS_WRITE_TIME	PROCESS_VALIDATION_TIME	PROCESS_OTHER_TIME	COMMIT_VALIDATION_TIME	COMMIT_OTHER_TIME	WASTED_TIME
1	4096	9.9872	0	5.57229e-05	0.000153071	0	9.71457e-05	2.51429e-07	3.04686e-05	2.42286e-06	10.47
1	4096	9.98665	0	5.57314e-05	0.000153091	0	9.71657e-05	2.51429e-07	3.05e-05	2.40857e-06	10.40
1	4096	9.98657	0	5.57429e-05	0.000153071	0	9.71571e-05	2.48571e-07	3.04971e-05	2.40857e-06	10.40
1	4096	9.98654	0	5.57343e-05	0.000153074	0	9.71514e-05	2.51429e-07	3.04943e-05	2.41429e-06	10.40
1	4096	9.98649	0	5.57229e-05	0.000153071	0	9.71571e-05	2.51429e-07	3.04943e-05	2.40857e-06	10.41
1	4096	9.98651	0	5.57229e-05	0.000153089	0	9.716e-05	2.51429e-07	3.04971e-05	2.40571e-06	10.41
1	4096	9.98651	0	5.57286e-05	0.000153086	0	9.71514e-05	2.51429e-07	3.04886e-05	2.40857e-06	10.40
1	4096	9.98647	0	5.57286e-05	0.000153071	0	9.71514e-05	2.51429e-07	3.04971e-05	2.40571e-06	10.40
1	4096	9.98722	0	5.57371e-05	0.000153063	0	9.71314e-05	2.51429e-07	3.04771e-05	2.42e-06	10.40
1	4096	9.98641	0	5.572e-05	0.000153026	0	9.70771e-05	2.51429e-07	3.04743e-05	2.41143e-06	10.41
2	4096	5.00542	1.4911	5.58771e-05	0.00015336	0	9.728e-05	2.51429e-07	3.06457e-05	2.77143e-06	5.42
2	4096	5.00551	1.56212	5.58657e-05	0.000153383	0	9.72943e-05	2.51429e-07	3.06714e-05	2.78857e-06	5.43
2	4096	5.00589	1.53846	5.59171e-05	0.00015342	0	9.73314e-05	2.48571e-07	3.07314e-05	2.77143e-06	5.43
2	4096	5.00578	1.53846	5.58857e-05	0.000153377	0	9.73286e-05	2.48571e-07	3.07086e-05	2.78286e-06	5.42
2	4096	5.00528	1.51479	5.58657e-05	0.000153403	0	9.73371e-05	2.51429e-07	3.06486e-05	2.76286e-06	5.43
2	4096	5.00506	1.4437	5.586e-05	0.000153346	0	9.72257e-05	2.51429e-07	3.058e-05	2.75429e-06	5.44
2	4096	5.0056	1.53846	5.58886e-05	0.000153386	0	9.72971e-05	2.51429e-07	3.06714e-05	2.77429e-06	5.43
2	4096	5.00484	1.39624	5.58371e-05	0.000153323	0	9.72171e-05	2.51429e-07	3.05743e-05	2.73714e-06	5.42
2	4096	5.00558	1.51479	5.58743e-05	0.000153397	0	9.72943e-05	2.51429e-07	3.06886e-05	2.77143e-06	5.43
2	4096	5.00606	1.70386	5.59086e-05	0.000153431	0	9.73343e-05	2.48571e-07	3.07286e-05	2.80571e-06	5.43
3	4096	3.34394	3.14495	5.58171e-05	0.000153151	0	9.72657e-05	2.48571e-07	3.05857e-05	3.19143e-06	3.84
3	4096	3.34549	4.58887	5.59343e-05	0.000153451	0	9.73486e-05	2.48571e-07	3.07571e-05	3.51143e-06	3.77
3	4096	3.34502	3.48728	5.58857e-05	0.00015342	0	9.72886e-05	2.48571e-07	3.06714e-05	3.30286e-06	3.77
3	4096	3.34519	3.66886	5.59314e-05	0.000153491	0	9.73429e-05	2.48571e-07	3.07257e-05	3.29143e-06	3.77
3	4096	3.34562	3.7594	5.58514e-05	0.000153637	0	9.72971e-05	2.48571e-07	3.06829e-05	3.29429e-06	3.77
3	4096	3.34431	2.93839	5.58457e-05	0.000153246	0	9.72514e-05	2.48571e-07	3.06457e-05	3.12857e-06	3.77
3	4096	3.34495	3.09912	5.58686e-05	0.000153434	0	9.72543e-05	2.48571e-07	3.06457e-05	3.19143e-06	3.77
3	4096	3.34515	3.12204	5.57857e-05	0.000153591	0	9.72171e-05	2.48571e-07	3.056e-05	3.18571e-06	3.78
3	4096	3.34571	3.6462	5.59057e-05	0.000153591	0	9.73343e-05	2.48571e-07	3.07171e-05	3.28571e-06	3.78
3	4096	3.34537	3.82719	5.58543e-05	0.000153574	0	9.72829e-05	2.48571e-07	3.06086e-05	3.32857e-06	3.78
4	4096	2.5167	6.56934	5.60914e-05	0.000153937	0	9.75686e-05	2.48571e-07	3.08086e-05	4.05714e-06	3.03
4	4096	2.51611	6.41992	5.60571e-05	0.000153917	0	9.75686e-05	2.45714e-07	3.076e-05	4.08e-06	3.02
4	4096	2.516	6.78198	5.61171e-05	0.00015402	0	9.76171e-05	2.51429e-07	3.08057e-05	4.13143e-06	3.02
4	4096	2.51668	6.3129	5.608e-05	0.000153903	0	9.758e-05	2.48571e-07	3.07857e-05	4e-06	3.03
4	4096	2.51674	6.63323	5.61057e-05	0.000153991	0	9.76143e-05	2.48571e-07	3.082e-05	4.07429e-06	3.03
4	4096	2.51639	6.09812	5.606e-05	0.000153903	0	9.75743e-05	2.45714e-07	3.07457e-05	3.95714e-06	3.02
4	4096	2.51613	6.24857	5.60657e-05	0.000153886	0	9.75686e-05	2.48571e-07	3.08029e-05	3.96857e-06	3.03
4	4096	2.51608	6.4413	5.60229e-05	0.000153786	0	9.754e-05	2.51429e-07	3.07771e-05	4.02857e-06	3.02
4	4096	2.51619	6.41992	5.60571e-05	0.000153889	0	9.758e-05	2.48571e-07	3.08e-05	3.99143e-06	3.03
4	4096	2.51626	6.41992	5.60771e-05	0.000153894	0	9.75914e-05	2.48571e-07	3.08371e-05	3.98286e-06	3.03
5	4096	2.02516	12.31	5.64714e-05	0.000154926	0	9.80286e-05	2.42857e-07	3.10886e-05	5.73429e-06	2.63
5	4096	2.02147	9.72008	5.62286e-05	0.000154331	0	9.77057e-05	2.42857e-07	3.08229e-05	5.08e-06	2.63
5	4096	2.0216	10.0768	5.64143e-05	0.000154863	0	9.796e-05	2.42857e-07	3.09171e-05	5.01143e-06	2.64
5	4096	2.02205	10.1951	5.638e-05	0.000154631	0	9.78743e-05	2.42857e-07	3.10429e-05	5.14571e-06	2.63
5	4096	2.0222	9.13931	5.63829e-05	0.00015462	0	9.78771e-05	2.42857e-07	3.10229e-05	4.82571e-06	2.63
5	4096	2.02178	10.3524	5.65086e-05	0.000155023	0	9.80257e-05	2.42857e-07	3.10629e-05	5.18286e-06	2.63
5	4096	2.02215	9.46065	5.63457e-05	0.00015458	0	9.786e-05	2.42857e-07	3.10086e-05	4.91429e-06	2.63
5	4096	2.0231	11.8192	5.65971e-05	0.000155229	0	9.808e-05	2.42857e-07	3.106e-05	5.65143e-06	2.63
5	4096	2.02371	11.1304	5.64286e-05	0.000154894	0	9.79657e-05	2.42857e-07	3.09657e-05	5.32286e-06	2.63
5	4096	2.02259	11.0918	5.65143e-05	0.000155	0	9.79914e-05	2.42857e-07	3.10114e-05	5.4e-06	2.63
6	4096	1.68957	15.0207	5.66914e-05	0.000155543	0	9.82886e-05	2.4e-07	3.11857e-05	6.71143e-06	2.47
6	4096	1.6891	14.9325	5.65771e-05	0.000155203	0	9.81629e-05	2.4e-07	3.11914e-05	6.70857e-06	2.40
6	4096	1.68978	14.13	5.66029e-05	0.000155237	0	9.81371e-05	2.4e-07	3.11371e-05	6.55143e-06	2.40
6	4096	1.69002	15.2669	5.66257e-05	0.000155369	0	9.82029e-05	2.4e-07	3.11686e-05	6.68857e-06	2.40
6	4096	1.68958	13.9315	5.65543e-05	0.000155163	0	9.81743e-05	2.4e-07	3.11514e-05	6.31143e-06	2.40
6	4096	1.69015	12.8511	5.66171e-05	0.000155246	0	9.818e-05	2.4e-07	3.11486e-05	5.87714e-06	2.39
6	4096	1.68826	13.9857	5.66571e-05	0.000155294	0	9.81886e-05	2.4e-07	3.11857e-05	6.38e-06	2.39
6	4096	1.69047	13.9857	5.66429e-05	0.000155334	0	9.82257e-05	2.4e-07	3.11829e-05	6.44286e-06	2.40
6	4096	1.68773	13.5135	5.64457e-05	0.000154769	0	9.798e-05	2.4e-07	3.10114e-05	6.24286e-06	2.40
6	4096	1.69004	11.914	5.658e-05	0.000155143	0	9.81314e-05	2.4e-07	3.11086e-05	5.66857e-06	2.39
7	4096	1.45638	22.3948	5.71e-05	0.000156631	0	9.87457e-05	2.4e-07	3.13914e-05	9.53714e-06	2.27
7	4096	1.45744	23.8095	5.74771e-05	0.0001576	0	9.91914e-05	2.4e-07	3.16257e-05	9.97143e-06	2.26
7	4096	1.45575	21.4573	5.71e-05	0.000156631	0	9.878e-05	2.4e-07	3.144e-05	9.28e-06	2.26
7	4096	1.45499	18.0636	5.70514e-05	0.000156326	0	9.86771e-05	2.4e-07	3.14029e-05	7.95143e-06	2.26
7	4096	1.45524	20.3423	5.69457e-05	0.0001562	0	9.85857e-05	2.4e-07	3.13e-05	8.61714e-06	2.26
7	4096	1.4549	18.2435	5.7e-05	0.000156203	0	9.86343e-05	2.4e-07	3.14171e-05	8.00286e-06	2.27
7	4096	1.45494	19.4177	5.71e-05	0.000156489	0	9.87543e-05	2.4e-07	3.14514e-05	8.54286e-06	2.26
7	4096	1.45801	20.2182	5.69829e-05	0.000156209	0	9.86086e-05	2.4e-07	3.13771e-05	8.93714e-06	2.26
7	4096	1.45358	19.5127	5.71029e-05	0.000156497	0	9.87429e-05	2.4e-07	3.14857e-05	8.44571e-06	2.26
7	4096	1.45257	20.4969	5.70714e-05	0.000156397	0	9.87029e-05	2.4e-07	3.15429e-05	8.87429e-06	2.27
8	4096	1.281	32.8525	5.80886e-05	0.000159391	0	9.99057e-05	2.4e-07	3.20086e-05	1.45371e-05	2.19
8	4096	1.28097	33.582	5.81257e-05	0.000159386	0	9.99514e-05	2.42857e-07	3.20343e-05	1.49429e-05	2.18
8	4096	1.28046	32.7753	5.812e-05	0.000159426	0	9.99629e-05	2.51429e-07	3.19429e-05	1.41914e-05	2.19
8	4096	1.28035	32.2863	5.82886e-05	0.000159757	0	0.000100086	2.45714e-07	3.20543e-05	1.42371e-05	2.19
8	4096	1.28129	30.8925	5.81286e-05	0.00015944	0	9.99457e-05	2.45714e-07	3.20171e-05	1.33829e-05	2.19
8	4096	1.28124	29.9709	5.814e-05	0.000159394	0	9.99371e-05	2.42857e-07	3.19943e-05	1.29971e-05	2.19
8	4096	1.2808	31.5965	5.79771e-05	0.000159043	0	9.978e-05	2.4e-07	3.18971e-05	1.38029e-05	2.19
8	4096	1.27917	29.839	5.79971e-05	0.000159074	0	9.98029e-05	2.51429e-07	3.19343e-05	1.27886e-05	2.19
8	4096	1.28118	31.6992	5.826e-05	0.000159789	0	0.000100097	2.45714e-07	3.2e-05	1.38971e-05	2.19
8	4096	1.28173	32.0166	5.78171e-05	0.000158623	0	9.95943e-05	2.48571e-07	3.18629e-05	1.416e-05	2.19
9	4096	1.14583	36.6533	5.894e-05	0.00016146	0	0.00010078	2.31429e-07	3.246e-05	1.73714e-05	2.15
9	4096	1.14851	39.2285	5.88114e-05	0.000161154	0	0.00010068	2.31429e-07	3.24343e-05	1.90886e-05	2.16
9	4096	1.14882	38.6367	5.88686e-05	0.000161426	0	0.000100754	2.31429e-07	3.234e-05	1.88286e-05	2.15
9	4096	1.14426	36.4666	5.87429e-05	0.00016106	0	0.000100649	2.31429e-07	3.23171e-05	1.71743e-05	2.15
9	4096	1.14225	36.8096	5.86257e-05	0.000160746	0	0.000100537	2.31429e-07	3.23171e-05	1.73114e-05	2.14
9	4096	1.14612	38.0988	5.87543e-05	0.000161031	0	0.00010064	2.31429e-07	3.238e-05	1.81171e-05	2.15
9	4096	1.14594	37.3317	5.92771e-05	0.000162254	0	0.000101157	2.31429e-07	3.26314e-05	1.766e-05	2.15
9	4096	1.14318	37.4274	5.88029e-05	0.000161149	0	0.000100686	2.31429e-07	3.236e-05	1.77057e-05	2.15
9	4096	1.14694	36.1994	5.87371e-05	0.000161077	0	0.000100626	2.31429e-07	3.23571e-05	1.69114e-05	2.15
9	4096	1.14563	37.58	5.88086e-05	0.00016112	0	0.000100689	2.31429e-07	3.24143e-05	1.80457e-05	2.15
10	4096	1.03972	42.5284	6.00143e-05	0.000164211	0	0.000101931	2.28571e-07	3.29629e-05	2.162e-05	2.14
10	4096	1.03621	37.5515	6.01343e-05	0.000164531	0	0.00010204	2.28571e-07	3.30171e-05	1.78571e-05	2.14
10	4096	1.03595	39.4083	5.99257e-05	0.000164051	0	0.000101869	2.28571e-07	3.30086e-05	1.942e-05	2.14
10	4096	1.03864	43.8596	5.98571e-05	0.000163846	0	0.00010178	2.28571e-07	3.28829e-05	2.27457e-05	2.14
10	4096	1.03595	40.3089	5.968e-05	0.000163377	0	0.000101631	2.28571e-07	3.28857e-05	2.01114e-05	2.14
10	4096	1.03736	39.959	5.98686e-05	0.000163771	0	0.0001018	2.28571e-07	3.29743e-05	1.96286e-05	2.14
10	4096	1.0391	39.6315	6.018e-05	0.00016456	0	0.000102111	2.28571e-07	3.304e-05	1.938e-05	2.14
10	4096	1.03765	40.8264	5.98514e-05	0.000163723	0	0.000101791	2.28571e-07	3.29829e-05	2.014e-05	2.14
10	4096	1.03693	40.9202	5.98571e-05	0.000163894	0	0.000101803	2.28571e-07	3.29257e-05	2.05343e-05	2.14
10	4096	1.03765	41.1579	6.01171e-05	0.000164434	0	0.00010202	2.28571e-07	3.31171e-05	2.05114e-05	2.14
11	4096	0.948669	46.5414	6.086e-05	0.000166349	0	0.000102849	2.45714e-07	3.32857e-05	2.55457e-05	2.15
11	4096	0.949713	45.5102	6.128e-05	0.000167257	0	0.000103194	2.51429e-07	3.34743e-05	2.436e-05	2.14
11	4096	0.951914	46.1832	6.11314e-05	0.000167074	0	0.000103154	2.51429e-07	3.36343e-05	2.52343e-05	2.16
11	4096	0.951697	47.2505	6.09971e-05	0.000166591	0	0.000102989	2.51429e-07	3.34543e-05	2.62e-05	2.14
11	4096	0.950724	47.0253	6.11886e-05	0.000166989	0	0.000103206	2.51429e-07	3.368e-05	2.58857e-05	2.15
11	4096	0.949452	45.182	6.06743e-05	0.000165906	0	0.000102717	2.48571e-07	3.32943e-05	2.41629e-05	2.16
11	4096	0.950635	47.3792	6.088e-05	0.000166354	0	0.000102874	2.48571e-07	3.34371e-05	2.626e-05	2.15
11	4096	0.950581	46.9086	6.08829e-05	0.00016628	0	0.0001029	2.51429e-07	3.35314e-05	2.56171e-05	2.15
11	4096	0.949434	47.6683	6.082e-05	0.000166183	0	0.000102834	2.51429e-07	3.33771e-05	2.65371e-05	2.15
11	4096	0.950184	44.8424	6.06371e-05	0.000165857	0	0.0001027	2.48571e-07	3.33171e-05	2.428e-05	2.15
12	4096	0.912604	50.1278	6.33771e-05	0.000173574	0	0.000107911	2.4e-07	3.48543e-05	3.03971e-05	2.21
12	4096	0.911015	49.9634	6.304e-05	0.000172849	0	0.000107671	2.4e-07	3.478e-05	3.042e-05	2.22
12	4096	0.913564	50.8283	6.36114e-05	0.000174071	0	0.000108109	2.4e-07	3.50543e-05	3.16429e-05	2.22
12	4096	0.912121	50.7692	6.35429e-05	0.00017396	0	0.000108063	2.4e-07	3.494e-05	3.13343e-05	2.21
12	4096	0.91189	49.9205	6.31829e-05	0.0001731	0	0.000107734	2.4e-07	3.46286e-05	3.01514e-05	2.21
12	4096	0.916445	50.5792	6.36486e-05	0.000174194	0	0.00010814	2.4e-07	3.498e-05	3.08171e-05	2.22
12	4096	0.913652	49.1496	6.32629e-05	0.000173369	0	0.000107777	2.4e-07	3.474e-05	2.93314e-05	2.21
12	4096	0.914926	49.7177	6.336e-05	0.0001736	0	0.000107886	2.4e-07	3.474e-05	3.00857e-05	2.22
12	4096	0.913356	50.2671	6.31629e-05	0.000173086	0	0.000107729	2.4e-07	3.47143e-05	3.06686e-05	2.21
12	4096	0.912407	48.3024	6.31829e-05	0.00017314	0	0.000107763	2.4e-07	3.47e-05	2.89343e-05	2.21
