N_THREADS	N_TRANSACTIONS	TIME	N_ABORTS	PROCESS_READ_TIME	PROCESS_WRITE_TIME	PROCESS_VALIDATION_TIME	PROCESS_OTHER_TIME	COMMIT_VALIDATION_TIME	COMMIT_OTHER_TIME	WASTED_TIME
1	4096	1.68225	0	1.46429e-05	4.204e-05	0	6.06057e-05	2.51429e-07	8.34286e-06	1.19429e-06
1	4096	1.68222	0	1.46429e-05	4.20371e-05	0	6.06057e-05	2.51429e-07	8.34286e-06	1.19429e-06
1	4096	1.68227	0	1.46429e-05	4.204e-05	0	6.06057e-05	2.51429e-07	8.34571e-06	1.19429e-06
1	4096	1.68213	0	1.464e-05	4.20343e-05	0	6.06086e-05	2.51429e-07	8.34286e-06	1.19429e-06
1	4096	1.68226	0	1.46429e-05	4.20371e-05	0	6.06114e-05	2.48571e-07	8.34857e-06	1.19429e-06
1	4096	1.68216	0	1.464e-05	4.20371e-05	0	6.06057e-05	2.51429e-07	8.34286e-06	1.19429e-06
1	4096	1.68224	0	1.46429e-05	4.20371e-05	0	6.06057e-05	2.48571e-07	8.34571e-06	1.19429e-06
1	4096	1.68212	0	1.464e-05	4.20343e-05	0	6.06029e-05	2.48571e-07	8.34571e-06	1.19429e-06
1	4096	1.68224	0	1.464e-05	4.20371e-05	0	6.06114e-05	2.51429e-07	8.34286e-06	1.19429e-06
1	4096	1.68221	0	1.464e-05	4.20371e-05	0	6.06086e-05	2.51429e-07	8.34286e-06	1.19429e-06
2	4096	0.842486	1.39624	1.46371e-05	4.20314e-05	0	6.06114e-05	2.51429e-07	8.34286e-06	1.29714e-06
2	4096	0.842495	1.4674	1.464e-05	4.20314e-05	0	6.06057e-05	2.45714e-07	8.34857e-06	1.29714e-06
2	4096	0.842506	1.4437	1.464e-05	4.20371e-05	0	6.06057e-05	2.48571e-07	8.34571e-06	1.29714e-06
2	4096	0.842487	1.0389	1.464e-05	4.20314e-05	0	6.06086e-05	2.51429e-07	8.34286e-06	1.28857e-06
2	4096	0.842526	1.11057	1.464e-05	4.20343e-05	0	6.06057e-05	2.51429e-07	8.34286e-06	1.28857e-06
2	4096	0.842486	1.3725	1.464e-05	4.20343e-05	0	6.06057e-05	2.51429e-07	8.34286e-06	1.29429e-06
2	4096	0.842516	1.13444	1.464e-05	4.20343e-05	0	6.06029e-05	2.51429e-07	8.34286e-06	1.3e-06
2	4096	0.842487	1.41998	1.46343e-05	4.20343e-05	0	6.06086e-05	2.51429e-07	8.34286e-06	1.29714e-06
2	4096	0.842491	0.991056	1.46371e-05	4.20343e-05	0	6.06057e-05	2.48571e-07	8.34571e-06	1.29714e-06
2	4096	0.84255	1.08669	1.46371e-05	4.20343e-05	0	6.06143e-05	2.51429e-07	8.34286e-06	1.3e-06
3	4096	0.562775	2.59215	1.46371e-05	4.20343e-05	0	6.06057e-05	2.48571e-07	8.34286e-06	1.45714e-06
3	4096	0.562782	2.75404	1.464e-05	4.20314e-05	0	6.06057e-05	2.48571e-07	8.34286e-06	1.46286e-06
3	4096	0.562835	2.52261	1.46429e-05	4.204e-05	0	6.06086e-05	2.48571e-07	8.34571e-06	1.45429e-06
3	4096	0.562939	2.35995	1.46371e-05	4.20343e-05	0	6.06114e-05	2.48571e-07	8.34286e-06	1.47143e-06
3	4096	0.562968	2.38322	1.464e-05	4.20343e-05	0	6.06114e-05	2.48571e-07	8.34286e-06	1.46571e-06
3	4096	0.562926	2.4994	1.46371e-05	4.20314e-05	0	6.06114e-05	2.48571e-07	8.34571e-06	1.46857e-06
3	4096	0.562818	2.40648	1.46343e-05	4.20371e-05	0	6.06143e-05	2.48571e-07	8.34571e-06	1.44857e-06
3	4096	0.563078	2.31338	1.464e-05	4.20343e-05	0	6.06086e-05	2.48571e-07	8.34286e-06	1.45714e-06
3	4096	0.562962	2.70784	1.46371e-05	4.20314e-05	0	6.06057e-05	2.48571e-07	8.34286e-06	1.5e-06
3	4096	0.562834	2.75404	1.464e-05	4.20371e-05	0	6.06114e-05	2.48571e-07	8.34286e-06	1.45429e-06
4	4096	0.451919	65.7926	1.464e-05	4.20343e-05	0	6.06114e-05	2.48571e-07	8.34571e-06	2.84514e-05
4	4096	0.455143	67.5667	1.464e-05	4.20343e-05	0	6.06057e-05	2.48571e-07	8.34571e-06	3.08914e-05
4	4096	0.451841	66.0787	1.464e-05	4.20343e-05	0	6.06114e-05	2.51429e-07	8.34286e-06	2.88571e-05
4	4096	0.452951	66.8313	1.464e-05	4.20343e-05	0	6.06171e-05	2.45714e-07	8.34857e-06	3.00229e-05
4	4096	0.454447	67.8795	1.464e-05	4.20314e-05	0	6.06057e-05	2.51429e-07	8.34286e-06	3.12e-05
4	4096	0.452177	66.1627	1.46429e-05	4.20314e-05	0	6.06057e-05	2.48571e-07	8.34571e-06	2.87943e-05
4	4096	0.454923	67.7455	1.464e-05	4.20343e-05	0	6.06086e-05	2.51429e-07	8.34286e-06	3.11686e-05
4	4096	0.453539	67.3313	1.464e-05	4.20314e-05	0	6.06057e-05	2.51429e-07	8.34286e-06	3.05171e-05
4	4096	0.45145	66.2464	1.464e-05	4.20343e-05	0	6.06143e-05	2.48571e-07	8.34286e-06	2.87429e-05
4	4096	0.451794	65.9348	1.464e-05	4.20343e-05	0	6.06057e-05	2.48571e-07	8.34571e-06	2.854e-05
5	4096	0.394486	80.5369	1.46371e-05	4.20257e-05	0	6.06171e-05	2.42857e-07	8.34571e-06	6.59e-05
5	4096	0.396981	80.9026	1.46429e-05	4.20314e-05	0	6.06143e-05	2.42857e-07	8.34571e-06	6.77543e-05
5	4096	0.397022	80.6088	1.46429e-05	4.20314e-05	0	6.06057e-05	2.42857e-07	8.34571e-06	6.64971e-05
5	4096	0.395751	80.7492	1.464e-05	4.20314e-05	0	6.06229e-05	2.42857e-07	8.34571e-06	6.674e-05
5	4096	0.395559	80.6747	1.464e-05	4.20314e-05	0	6.06086e-05	2.42857e-07	8.34571e-06	6.65429e-05
5	4096	0.397608	81.4526	1.46429e-05	4.20314e-05	0	6.06171e-05	2.42857e-07	8.34857e-06	7.07086e-05
5	4096	0.393622	80.4066	1.46429e-05	4.20343e-05	0	6.062e-05	2.42857e-07	8.34571e-06	6.50257e-05
5	4096	0.398124	81.0362	1.46429e-05	4.20314e-05	0	6.06114e-05	2.42857e-07	8.34571e-06	6.85371e-05
5	4096	0.400584	81.6009	1.46457e-05	4.20314e-05	0	6.06086e-05	2.42857e-07	8.34571e-06	7.13714e-05
5	4096	0.398632	81.2489	1.46429e-05	4.20314e-05	0	6.06114e-05	2.42857e-07	8.34571e-06	6.95286e-05
6	4096	0.369823	87.0687	1.46457e-05	4.20314e-05	0	6.06143e-05	2.4e-07	8.34571e-06	0.000118369
6	4096	0.367223	86.8756	1.46486e-05	4.204e-05	0	6.06114e-05	2.4e-07	8.34857e-06	0.000116274
6	4096	0.368687	87.0923	1.46514e-05	4.20371e-05	0	6.06114e-05	2.4e-07	8.34571e-06	0.00011904
6	4096	0.365913	86.9242	1.46457e-05	4.20343e-05	0	6.06171e-05	2.4e-07	8.34286e-06	0.00011698
6	4096	0.369769	87.087	1.46486e-05	4.20314e-05	0	6.06143e-05	2.4e-07	8.34857e-06	0.000118491
6	4096	0.368269	87.0707	1.46457e-05	4.20343e-05	0	6.06114e-05	2.4e-07	8.34286e-06	0.000119049
6	4096	0.370255	87.1304	1.46457e-05	4.204e-05	0	6.06143e-05	2.4e-07	8.34857e-06	0.000119003
6	4096	0.366777	86.9171	1.46486e-05	4.20343e-05	0	6.062e-05	2.4e-07	8.35143e-06	0.000117089
6	4096	0.366061	86.9033	1.46486e-05	4.20371e-05	0	6.06086e-05	2.4e-07	8.34286e-06	0.000116869
6	4096	0.364998	86.9183	1.46486e-05	4.204e-05	0	6.06114e-05	2.4e-07	8.34857e-06	0.000116217
7	4096	0.352529	90.0917	1.46457e-05	4.204e-05	0	6.06143e-05	2.4e-07	8.34571e-06	0.000177023
7	4096	0.353897	90.108	1.46543e-05	4.20429e-05	0	6.06257e-05	2.4e-07	8.35143e-06	0.000176926
7	4096	0.352543	90.1434	1.46543e-05	4.20343e-05	0	6.06171e-05	2.4e-07	8.34571e-06	0.000178234
7	4096	0.355299	90.0845	1.46514e-05	4.20343e-05	0	6.06143e-05	2.4e-07	8.34286e-06	0.000177854
7	4096	0.356782	90.1475	1.46571e-05	4.204e-05	0	6.06114e-05	2.4e-07	8.34571e-06	0.00017888
7	4096	0.357227	89.9613	1.46571e-05	4.204e-05	0	6.06114e-05	2.4e-07	8.34286e-06	0.000176646
7	4096	0.354516	90.0739	1.46514e-05	4.20371e-05	0	6.06143e-05	2.4e-07	8.34571e-06	0.00017632
7	4096	0.354968	90.201	1.46514e-05	4.204e-05	0	6.062e-05	2.4e-07	8.34571e-06	0.000180094
7	4096	0.354613	90.0401	1.46543e-05	4.20343e-05	0	6.06114e-05	2.4e-07	8.34571e-06	0.000176757
7	4096	0.355506	90.1434	1.46543e-05	4.20371e-05	0	6.06057e-05	2.4e-07	8.34286e-06	0.000179946
8	4096	0.349283	92.0087	1.46543e-05	4.20343e-05	0	6.06286e-05	2.45714e-07	8.34857e-06	0.000249089
8	4096	0.347504	91.9189	1.466e-05	4.20343e-05	0	6.06171e-05	2.42857e-07	8.34571e-06	0.000243271
8	4096	0.348531	92.0723	1.46543e-05	4.20343e-05	0	6.06229e-05	2.37143e-07	8.35429e-06	0.00025006
8	4096	0.347049	92.0352	1.46571e-05	4.20314e-05	0	6.062e-05	2.45714e-07	8.34857e-06	0.000248177
8	4096	0.351957	92.019	1.46571e-05	4.20371e-05	0	6.062e-05	2.42857e-07	8.35143e-06	0.000249389
8	4096	0.348101	91.984	1.46571e-05	4.20343e-05	0	6.062e-05	2.4e-07	8.35429e-06	0.00024524
8	4096	0.349931	91.8614	1.46514e-05	4.20343e-05	0	6.062e-05	2.42857e-07	8.35143e-06	0.00024378
8	4096	0.346214	92.0274	1.466e-05	4.204e-05	0	6.06257e-05	2.4e-07	8.35143e-06	0.000249517
8	4096	0.349488	92.0675	1.46686e-05	4.204e-05	0	6.06114e-05	2.4e-07	8.35429e-06	0.000251669
8	4096	0.35111	91.976	1.46543e-05	4.20371e-05	0	6.062e-05	2.42857e-07	8.34571e-06	0.000247671
9	4096	0.347311	93.086	1.46686e-05	4.204e-05	0	6.06257e-05	2.31429e-07	8.35143e-06	0.000315434
9	4096	0.345622	93.1133	1.46686e-05	4.204e-05	0	6.06143e-05	2.31429e-07	8.34571e-06	0.00031684
9	4096	0.347621	93.0616	1.46629e-05	4.204e-05	0	6.06171e-05	2.31429e-07	8.35429e-06	0.00031356
9	4096	0.348337	92.9578	1.46657e-05	4.204e-05	0	6.06171e-05	2.31429e-07	8.34857e-06	0.00031102
9	4096	0.35023	93.0417	1.46686e-05	4.204e-05	0	6.06171e-05	2.31429e-07	8.34571e-06	0.000313226
9	4096	0.349852	93.0589	1.46657e-05	4.204e-05	0	6.06229e-05	2.31429e-07	8.34571e-06	0.000316486
9	4096	0.346297	93.088	1.46657e-05	4.20429e-05	0	6.06143e-05	2.31429e-07	8.34571e-06	0.000318597
9	4096	0.350517	93.0549	1.46657e-05	4.204e-05	0	6.06171e-05	2.31429e-07	8.34857e-06	0.000315363
9	4096	0.342857	93.1883	1.46629e-05	4.20371e-05	0	6.06229e-05	2.31429e-07	8.34571e-06	0.000322723
9	4096	0.350036	93.0868	1.46686e-05	4.20457e-05	0	6.06229e-05	2.31429e-07	8.34857e-06	0.000315686
10	4096	0.34883	93.8168	1.46657e-05	4.20429e-05	0	6.06171e-05	2.28571e-07	8.36e-06	0.000383686
10	4096	0.350532	93.7619	1.46771e-05	4.20457e-05	0	6.06057e-05	2.28571e-07	8.36e-06	0.000379806
10	4096	0.34526	93.9482	1.46686e-05	4.20429e-05	0	6.06229e-05	2.28571e-07	8.36e-06	0.000388454
10	4096	0.34514	93.8951	1.46714e-05	4.20457e-05	0	6.062e-05	2.28571e-07	8.36e-06	0.00038878
10	4096	0.347448	93.8919	1.46743e-05	4.204e-05	0	6.06257e-05	2.28571e-07	8.36e-06	0.000390251
10	4096	0.348155	93.8948	1.46686e-05	4.20429e-05	0	6.06229e-05	2.28571e-07	8.36e-06	0.00038754
10	4096	0.344642	93.9664	1.46686e-05	4.20457e-05	0	6.062e-05	2.28571e-07	8.36e-06	0.000392549
10	4096	0.341986	93.8724	1.46714e-05	4.20429e-05	0	6.06171e-05	2.28571e-07	8.36e-06	0.000390197
10	4096	0.346841	93.8815	1.46714e-05	4.20429e-05	0	6.06286e-05	2.28571e-07	8.36e-06	0.000387843
10	4096	0.347674	93.8984	1.46743e-05	4.20486e-05	0	6.062e-05	2.28571e-07	8.36e-06	0.000391729
11	4096	0.362279	94.3016	1.46743e-05	4.20371e-05	0	6.06229e-05	2.4e-07	8.34571e-06	0.000445051
11	4096	0.347724	94.5433	1.46771e-05	4.20343e-05	0	6.06314e-05	2.34286e-07	8.35143e-06	0.000457663
11	4096	0.345489	94.4401	1.46743e-05	4.20371e-05	0	6.06286e-05	2.42857e-07	8.34286e-06	0.000458074
11	4096	0.354346	94.5048	1.46743e-05	4.20486e-05	0	6.06143e-05	2.45714e-07	8.34e-06	0.000462326
11	4096	0.343547	94.5061	1.468e-05	4.20457e-05	0	6.062e-05	2.37143e-07	8.34857e-06	0.000460006
11	4096	0.34667	94.436	1.46771e-05	4.20543e-05	0	6.06314e-05	2.45714e-07	8.34e-06	0.000456374
11	4096	0.341541	94.5459	1.468e-05	4.20486e-05	0	6.062e-05	2.42857e-07	8.34286e-06	0.000464317
11	4096	0.348433	94.4903	1.46857e-05	4.204e-05	0	6.06143e-05	2.31429e-07	8.35429e-06	0.000460243
11	4096	0.349459	94.4217	1.46714e-05	4.20429e-05	0	6.06286e-05	2.34286e-07	8.35143e-06	0.000450317
11	4096	0.343428	94.5385	1.46771e-05	4.20571e-05	0	6.06257e-05	2.34286e-07	8.35143e-06	0.000459326
12	4096	0.372594	94.9547	1.582e-05	4.53029e-05	0	6.53257e-05	2.4e-07	9.00857e-06	0.000574929
12	4096	0.371665	94.9715	1.58543e-05	4.54057e-05	0	6.546e-05	2.45714e-07	9.01143e-06	0.000577934
12	4096	0.372163	94.9809	1.58743e-05	4.544e-05	0	6.55171e-05	2.45714e-07	9.02857e-06	0.000577797
12	4096	0.372724	94.9954	1.584e-05	4.53514e-05	0	6.53886e-05	2.4e-07	9.01429e-06	0.000575294
12	4096	0.372076	94.963	1.58686e-05	4.54286e-05	0	6.55e-05	2.42857e-07	9.02857e-06	0.000578183
12	4096	0.371796	94.8717	1.58114e-05	4.52943e-05	0	6.53057e-05	2.4e-07	9.00286e-06	0.000564523
12	4096	0.369946	94.9089	1.58171e-05	4.53029e-05	0	6.53171e-05	2.4e-07	9.00571e-06	0.000572283
12	4096	0.371369	95.0718	1.59114e-05	4.55657e-05	0	6.57057e-05	2.42857e-07	9.06e-06	0.000593426
12	4096	0.369374	95.0019	1.58629e-05	4.54257e-05	0	6.54971e-05	2.4e-07	9.03429e-06	0.000584674
12	4096	0.368184	94.961	1.58429e-05	4.53686e-05	0	6.53914e-05	2.4e-07	9.02e-06	0.000571629
