N_THREADS	N_TRANSACTIONS	TIME	N_ABORTS	PROCESS_READ_TIME	PROCESS_WRITE_TIME	PROCESS_VALIDATION_TIME	PROCESS_OTHER_TIME	COMMIT_VALIDATION_TIME	COMMIT_OTHER_TIME	WASTED_TIME
1	4096	2.49998	0	6.57971e-05	0.000111243	0	0.000103303	6.17143e-07	3.82571e-05	2.45429e-06	2.91
1	4096	2.4999	0	6.57886e-05	0.000111231	0	0.000103303	6.17143e-07	3.82629e-05	2.45143e-06	2.92
1	4096	2.49893	0	6.58943e-05	0.00011112	0	0.00010302	6.11429e-07	3.83571e-05	2.45429e-06	2.92
1	4096	2.50011	0	6.578e-05	0.000111183	0	0.000103411	6.17143e-07	3.826e-05	2.45429e-06	2.92
1	4096	2.49947	0	6.57686e-05	0.000111151	0	0.000103291	6.17143e-07	3.82543e-05	2.45429e-06	2.92
1	4096	2.49908	0	6.56429e-05	0.00011122	0	0.000103437	6.2e-07	3.812e-05	2.46571e-06	2.92
1	4096	2.49918	0	6.56343e-05	0.000111223	0	0.000103451	6.2e-07	3.81229e-05	2.46571e-06	2.92
1	4096	2.49897	0	6.56229e-05	0.00011122	0	0.000103431	6.2e-07	3.81114e-05	2.46286e-06	2.92
1	4096	2.49907	0	6.56343e-05	0.00011124	0	0.000103434	6.2e-07	3.81057e-05	2.46286e-06	2.92
1	4096	2.49902	0	6.56343e-05	0.000111226	0	0.000103434	6.2e-07	3.81057e-05	2.46286e-06	2.91
2	4096	1.25987	0.775194	6.63714e-05	0.000111823	0	0.000103877	6.37143e-07	3.924e-05	2.77429e-06	1.68
2	4096	1.25987	0.799225	6.636e-05	0.00011182	0	0.000103889	6.37143e-07	3.92429e-05	2.78e-06	1.68
2	4096	1.25984	0.775194	6.63629e-05	0.000111809	0	0.000103891	6.37143e-07	3.92457e-05	2.76571e-06	1.68
2	4096	1.26001	0.799225	6.63114e-05	0.00011186	0	0.000103977	6.37143e-07	3.92171e-05	2.78e-06	1.69
2	4096	1.25988	0.799225	6.63657e-05	0.000111817	0	0.000103891	6.37143e-07	3.92429e-05	2.78286e-06	1.68
2	4096	1.25986	0.799225	6.63657e-05	0.000111806	0	0.000103894	6.37143e-07	3.92371e-05	2.78e-06	1.69
2	4096	1.25987	0.775194	6.63714e-05	0.000111829	0	0.000103889	6.37143e-07	3.92371e-05	2.77143e-06	1.68
2	4096	1.25986	0.799225	6.63686e-05	0.000111823	0	0.000103874	6.37143e-07	3.924e-05	2.78e-06	1.68
2	4096	1.25985	0.775194	6.63629e-05	0.000111826	0	0.000103883	6.37143e-07	3.92343e-05	2.78e-06	1.68
2	4096	1.26004	0.775194	6.61914e-05	0.000111903	0	0.000104166	6.42857e-07	3.91514e-05	2.77429e-06	1.68
3	4096	1.0118	78.1033	6.884e-05	0.000117523	0	0.00010748	7.35714e-06	4.11629e-05	0.000101617	1.51
3	4096	1.00844	77.8678	6.89743e-05	0.000117509	0	0.000107434	7.52e-06	4.11971e-05	0.000100586	1.44
3	4096	1.00616	77.7173	6.89429e-05	0.000117497	0	0.0001074	7.49714e-06	4.11914e-05	9.97057e-05	1.44
3	4096	1.00547	77.6626	6.89571e-05	0.000117526	0	0.000107431	7.49143e-06	4.11829e-05	9.92229e-05	1.44
3	4096	1.01367	78.0128	6.89229e-05	0.00011746	0	0.000107414	7.28e-06	4.11829e-05	0.000101711	1.45
3	4096	1.01386	77.9986	6.89771e-05	0.000117509	0	0.000107346	7.45143e-06	4.11514e-05	0.00010136	1.44
3	4096	1.00798	77.8091	6.896e-05	0.000117546	0	0.000107397	7.48571e-06	4.12143e-05	0.000100454	1.44
3	4096	1.00858	77.8786	6.896e-05	0.000117486	0	0.000107403	7.47714e-06	4.11971e-05	0.000100586	1.43
3	4096	1.00453	77.6065	6.89571e-05	0.000117557	0	0.000107411	7.48857e-06	4.12029e-05	9.88714e-05	1.43
3	4096	1.00822	78.0021	6.89657e-05	0.000117514	0	0.000107437	7.24857e-06	4.12171e-05	0.000101731	1.43
4	4096	0.929002	87.8845	7.21514e-05	0.000124774	0	0.000110817	1.12971e-05	4.50286e-05	0.0002433	1.43
4	4096	0.937056	87.8536	7.208e-05	0.000124634	0	0.000110663	1.14029e-05	4.49657e-05	0.000241149	1.45
4	4096	0.936694	87.8608	7.21514e-05	0.000124623	0	0.000110706	1.11429e-05	4.50314e-05	0.000243931	1.44
4	4096	0.932415	87.8978	7.21229e-05	0.000124646	0	0.000110706	1.144e-05	4.49229e-05	0.000244306	1.44
4	4096	0.928448	87.7972	7.21429e-05	0.000124669	0	0.000110709	1.16114e-05	4.49857e-05	0.000239446	1.44
4	4096	0.931115	87.8052	7.21829e-05	0.000124623	0	0.00011068	1.11229e-05	4.50514e-05	0.000241957	1.45
4	4096	0.936511	88.0944	7.22e-05	0.000124686	0	0.000110757	1.12571e-05	4.50371e-05	0.000248477	1.44
4	4096	0.935394	87.6945	7.21114e-05	0.000124554	0	0.000110683	1.13114e-05	4.50314e-05	0.000239283	1.44
4	4096	0.929926	87.9042	7.21943e-05	0.000124697	0	0.000110674	1.14486e-05	4.50714e-05	0.000242577	1.45
4	4096	0.93515	88.0034	7.21429e-05	0.000124597	0	0.000110723	1.12829e-05	4.50343e-05	0.000246691	1.44
5	4096	0.951554	92.0817	7.58057e-05	0.000132651	0	0.000114243	1.35657e-05	4.95e-05	0.000456811	1.62
5	4096	0.957842	91.8717	7.57314e-05	0.000132386	0	0.000114177	1.36886e-05	4.92486e-05	0.00044768	1.56
5	4096	0.945079	91.8606	7.582e-05	0.000132709	0	0.000114331	1.38657e-05	4.95914e-05	0.000445369	1.56
5	4096	0.943168	92.028	7.60686e-05	0.000133146	0	0.00011452	1.41914e-05	4.982e-05	0.000451174	1.54
5	4096	0.94295	92.1433	7.60857e-05	0.000133191	0	0.000114514	1.40914e-05	4.97943e-05	0.000457994	1.55
5	4096	0.950521	91.8889	7.57457e-05	0.000132591	0	0.000114211	1.39e-05	4.94714e-05	0.00045136	1.57
5	4096	0.953814	92.0288	7.58571e-05	0.000132783	0	0.000114291	1.378e-05	4.95257e-05	0.000453157	1.56
5	4096	0.948217	91.9519	7.58486e-05	0.000132734	0	0.000114329	1.39429e-05	4.96057e-05	0.000450274	1.56
5	4096	0.961205	91.7212	7.55429e-05	0.000132131	0	0.000114034	1.37886e-05	4.916e-05	0.000437589	1.57
5	4096	0.958964	91.8748	7.57371e-05	0.000132397	0	0.000114209	1.37e-05	4.94543e-05	0.00044764	1.57
6	4096	0.982635	93.9107	7.98057e-05	0.000141406	0	0.000118103	1.55629e-05	5.40143e-05	0.000692569	1.68
6	4096	0.979114	93.8888	7.97057e-05	0.000141157	0	0.000118063	1.57486e-05	5.38857e-05	0.000689703	1.69
6	4096	0.983806	93.9354	7.97771e-05	0.000141437	0	0.000118263	1.54743e-05	5.43029e-05	0.00069016	1.69
6	4096	0.992569	93.8573	7.95086e-05	0.00014074	0	0.000117923	1.50114e-05	5.39114e-05	0.000688817	1.70
6	4096	0.98849	93.9219	7.97914e-05	0.000141343	0	0.000118103	1.54229e-05	5.40257e-05	0.000697329	1.70
6	4096	0.982401	93.9848	8.00143e-05	0.000141826	0	0.000118334	1.55857e-05	5.43514e-05	0.000697931	1.69
6	4096	0.997321	93.908	7.96286e-05	0.000140926	0	0.000117923	1.51857e-05	5.38943e-05	0.000697923	1.70
6	4096	0.984004	93.991	7.988e-05	0.000141491	0	0.000118217	1.54143e-05	5.41971e-05	0.000702551	1.70
6	4096	0.984075	93.868	7.96829e-05	0.000141089	0	0.000118017	1.52057e-05	5.40286e-05	0.000689611	1.70
6	4096	0.997479	93.8412	7.96829e-05	0.00014094	0	0.000117929	1.51486e-05	5.40257e-05	0.000678683	1.70
7	4096	1.0295	95.0947	8.40971e-05	0.00015046	0	0.000122177	1.64286e-05	5.86657e-05	0.00096826	1.83
7	4096	1.02211	95.051	8.408e-05	0.000150491	0	0.00012228	1.69657e-05	5.872e-05	0.000959394	1.82
7	4096	1.02659	95.0047	8.35771e-05	0.000149371	0	0.000121769	1.63943e-05	5.83343e-05	0.000956266	1.84
7	4096	1.02718	95.0401	8.38171e-05	0.000149851	0	0.00012196	1.66714e-05	5.83629e-05	0.000965694	1.84
7	4096	1.02368	94.9472	8.34857e-05	0.000149266	0	0.000121626	1.66514e-05	5.78943e-05	0.000950343	1.83
7	4096	1.02958	94.8667	8.32971e-05	0.000148846	0	0.000121463	1.65943e-05	5.80229e-05	0.000930651	1.84
7	4096	1.02221	94.9991	8.37743e-05	0.000149837	0	0.000121811	1.65914e-05	5.82714e-05	0.000952557	1.83
7	4096	1.02675	94.9424	8.35229e-05	0.000149291	0	0.000121743	1.66514e-05	5.804e-05	0.000946174	1.82
7	4096	1.03257	95.0344	8.38971e-05	0.000150154	0	0.000121951	1.66543e-05	5.82143e-05	0.000963629	1.84
7	4096	1.0252	95.0248	8.37486e-05	0.000149729	0	0.000122	1.65771e-05	5.872e-05	0.000962226	1.84
8	4096	1.07565	95.8869	8.89171e-05	0.000160551	0	0.00012678	1.82686e-05	6.34229e-05	0.00127164	2.04
8	4096	1.07875	95.797	8.83686e-05	0.000159594	0	0.000126303	1.80743e-05	6.308e-05	0.0012468	1.98
8	4096	1.07556	95.8096	8.84914e-05	0.000159866	0	0.000126403	1.80857e-05	6.30429e-05	0.00124536	1.98
8	4096	1.11165	95.643	8.75314e-05	0.000157609	0	0.000125383	1.77457e-05	6.20343e-05	0.00120533	2.02
8	4096	1.07156	95.78	8.85e-05	0.000159734	0	0.000126397	1.80857e-05	6.31143e-05	0.00123879	1.98
8	4096	1.0774	95.7531	8.81571e-05	0.000159126	0	0.000126046	1.78371e-05	6.24971e-05	0.00122839	1.98
8	4096	1.09193	95.8612	8.87029e-05	0.000160303	0	0.00012654	1.83229e-05	6.32857e-05	0.00127275	1.99
8	4096	1.10011	95.7327	8.79543e-05	0.000158714	0	0.0001258	1.77143e-05	6.24143e-05	0.00123112	2.01
8	4096	1.07657	95.8982	8.904e-05	0.000160869	0	0.00012684	1.84514e-05	6.35229e-05	0.00126517	1.98
8	4096	1.06817	95.7832	8.826e-05	0.000159369	0	0.000126	1.80543e-05	6.26286e-05	0.00125653	1.97
9	4096	1.13796	96.5022	9.44686e-05	0.000172451	0	0.000131846	1.98829e-05	6.78914e-05	0.00161218	2.22
9	4096	1.13509	96.4075	9.35229e-05	0.000170574	0	0.000130949	1.97457e-05	6.72029e-05	0.00160499	2.14
9	4096	1.12129	96.3219	9.28686e-05	0.000168837	0	0.000130314	1.91829e-05	6.65171e-05	0.00153867	2.13
9	4096	1.13644	96.314	9.28514e-05	0.000169063	0	0.000130383	1.93171e-05	6.63257e-05	0.0015499	2.14
9	4096	1.13678	96.3754	9.32657e-05	0.000169849	0	0.000130543	1.94143e-05	6.66229e-05	0.00156599	2.14
9	4096	1.14138	96.5362	9.47457e-05	0.000173309	0	0.000132191	1.998e-05	6.814e-05	0.00162789	2.14
9	4096	1.13588	96.3909	9.33286e-05	0.000170063	0	0.000130783	1.962e-05	6.704e-05	0.00157567	2.14
9	4096	1.1334	96.4272	9.38086e-05	0.000171194	0	0.00013118	2.00057e-05	6.734e-05	0.00159391	2.14
9	4096	1.13234	96.4452	9.41314e-05	0.000171591	0	0.000131529	2.01457e-05	6.77143e-05	0.00159142	2.13
9	4096	1.12476	96.3963	9.334e-05	0.00017014	0	0.000130754	1.95371e-05	6.69771e-05	0.00156242	2.13
10	4096	1.20252	96.9247	0.000100106	0.000184411	0	0.000136771	2.12057e-05	7.10686e-05	0.00197698	2.38
10	4096	1.19271	96.8487	9.92829e-05	0.000182234	0	0.000136	2.10371e-05	7.05857e-05	0.00195554	2.29
10	4096	1.20127	96.7858	9.81829e-05	0.000179926	0	0.000135109	2.05286e-05	6.98571e-05	0.00192535	2.31
10	4096	1.18849	96.8507	9.892e-05	0.000181671	0	0.00013576	2.08571e-05	7.08029e-05	0.00195761	2.30
10	4096	1.19828	96.915	0.000100091	0.0001842	0	0.000136569	2.11171e-05	7.084e-05	0.00197585	2.29
10	4096	1.18989	96.8361	9.87629e-05	0.000181409	0	0.000135577	2.07914e-05	7.014e-05	0.00194051	2.30
10	4096	1.19695	96.87	9.94029e-05	0.000182691	0	0.000136157	2.10829e-05	7.112e-05	0.00194875	2.31
10	4096	1.18153	96.8095	9.85714e-05	0.000180974	0	0.000135389	2.08943e-05	7.032e-05	0.00191247	2.28
10	4096	1.19715	96.8672	9.91429e-05	0.000182071	0	0.000135874	2.07371e-05	7.04114e-05	0.00193884	2.30
10	4096	1.18931	96.8116	9.87429e-05	0.000181257	0	0.000135651	2.07686e-05	7.04543e-05	0.00191109	2.30
11	4096	1.24408	97.1759	0.000104463	0.000193289	0	0.000140406	2.18257e-05	7.33743e-05	0.00232955	2.45
11	4096	1.25319	97.1986	0.00010504	0.000194149	0	0.000141157	2.18429e-05	7.39971e-05	0.00233615	2.46
11	4096	1.24341	97.1415	0.000104283	0.00019266	0	0.000140294	2.16714e-05	7.35714e-05	0.00229579	2.44
11	4096	1.24231	97.1506	0.000104163	0.000192394	0	0.000140214	2.16857e-05	7.33286e-05	0.00230594	2.44
11	4096	1.24625	97.1177	0.000103851	0.000191746	0	0.00013998	2.16943e-05	7.29714e-05	0.00229151	2.45
11	4096	1.24171	97.0901	0.000103151	0.000190374	0	0.000139334	2.17829e-05	7.25829e-05	0.00221799	2.45
11	4096	1.26011	97.1867	0.000105003	0.000194057	0	0.00014088	2.18229e-05	7.35286e-05	0.00232252	2.46
11	4096	1.24745	97.1799	0.000104831	0.000193751	0	0.000140774	2.18371e-05	7.37086e-05	0.00230827	2.45
11	4096	1.24537	97.1753	0.000104471	0.000193309	0	0.000140649	2.20257e-05	7.36257e-05	0.00232855	2.44
11	4096	1.24323	97.1794	0.000104711	0.000193689	0	0.000140846	2.18971e-05	7.38629e-05	0.0023141	2.44
12	4096	1.30275	97.4373	0.000110529	0.000205443	0	0.00014632	2.286e-05	7.67057e-05	0.00274439	2.61
12	4096	1.33036	97.5184	0.000112606	0.000209306	0	0.000147951	2.32686e-05	7.78686e-05	0.00284308	2.63
12	4096	1.31972	97.4854	0.000111454	0.000207294	0	0.00014714	2.28943e-05	7.74057e-05	0.00276777	2.62
12	4096	1.32951	97.4774	0.000111509	0.000207131	0	0.000147094	2.29857e-05	7.75143e-05	0.00279458	2.63
12	4096	1.31575	97.4829	0.000111497	0.000207043	0	0.000147274	2.30229e-05	7.78886e-05	0.00281534	2.61
12	4096	1.30262	97.3797	0.000109817	0.000203789	0	0.000145611	2.26057e-05	7.61457e-05	0.00269797	2.59
12	4096	1.31843	97.4632	0.000111066	0.00020638	0	0.000146757	2.27086e-05	7.696e-05	0.00277068	2.63
12	4096	1.33056	97.5302	0.000112731	0.000209657	0	0.00014814	2.31686e-05	7.79857e-05	0.00284323	2.63
12	4096	1.32188	97.4665	0.000111677	0.000207609	0	0.000147043	2.29343e-05	7.718e-05	0.00276462	2.62
12	4096	1.30539	97.4179	0.000110337	0.000204786	0	0.000145954	2.25086e-05	7.64543e-05	0.00270973	2.61
