N_THREADS	N_TRANSACTIONS	TIME	N_ABORTS	PROCESS_READ_TIME	PROCESS_WRITE_TIME	PROCESS_VALIDATION_TIME	PROCESS_OTHER_TIME	COMMIT_VALIDATION_TIME	COMMIT_OTHER_TIME	WASTED_TIME
1	4096	9.91576	0	6.58229e-05	0.000111311	0	0.000103234	6.17143e-07	3.81829e-05	2.45429e-06	10.41
1	4096	9.91513	0	6.57543e-05	0.000111137	0	0.000103309	6.2e-07	3.82714e-05	2.44857e-06	10.33
1	4096	9.91556	0	6.57914e-05	0.00011124	0	0.000103214	6.17143e-07	3.82543e-05	2.44857e-06	10.33
1	4096	9.91572	0	6.578e-05	0.000111197	0	0.000103317	6.17143e-07	3.82571e-05	2.45143e-06	10.33
1	4096	9.91567	0	6.57657e-05	0.000111194	0	0.000103317	6.2e-07	3.82514e-05	2.45143e-06	10.33
1	4096	9.91543	0	6.57914e-05	0.000111223	0	0.000103211	6.17143e-07	3.826e-05	2.45143e-06	10.33
1	4096	9.91538	0	6.57914e-05	0.000111223	0	0.000103206	6.17143e-07	3.82686e-05	2.44857e-06	10.34
1	4096	9.91555	0	6.57829e-05	0.000111229	0	0.000103237	6.17143e-07	3.826e-05	2.44571e-06	10.33
1	4096	9.91561	0	6.57943e-05	0.000111246	0	0.000103229	6.17143e-07	3.82514e-05	2.44857e-06	10.34
1	4096	9.91347	0	6.58914e-05	0.000111117	0	0.000102943	6.11429e-07	3.83543e-05	2.44571e-06	10.33
2	4096	4.9687	0.0244081	6.58743e-05	0.000111374	0	0.00010336	8.34286e-07	3.83486e-05	2.46857e-06	5.46
2	4096	4.96887	0	6.58743e-05	0.00011138	0	0.000103383	8.37143e-07	3.838e-05	2.46571e-06	5.39
2	4096	4.96917	0.0244081	6.58914e-05	0.000111377	0	0.00010348	8.37143e-07	3.84286e-05	2.47714e-06	5.39
2	4096	4.9688	0.0244081	6.58857e-05	0.000111389	0	0.000103357	8.42857e-07	3.83571e-05	2.46571e-06	5.39
2	4096	4.96865	0.0244081	6.58571e-05	0.000111311	0	0.000103457	8.37143e-07	3.83829e-05	2.46571e-06	5.41
2	4096	4.96777	0	6.598e-05	0.000111257	0	0.000103086	8.34286e-07	3.84543e-05	2.46e-06	5.39
2	4096	4.96886	0.0244081	6.58571e-05	0.000111357	0	0.000103449	8.34286e-07	3.83629e-05	2.47143e-06	5.40
2	4096	4.96919	0.0488043	6.58886e-05	0.000111366	0	0.0001035	8.57143e-07	3.83971e-05	2.48e-06	5.40
2	4096	4.96888	0.0244081	6.58686e-05	0.000111334	0	0.000103454	8.48571e-07	3.83743e-05	2.46857e-06	5.40
2	4096	4.96893	0	6.58943e-05	0.000111386	0	0.000103369	8.28571e-07	3.83943e-05	2.46857e-06	5.40
3	4096	3.32043	2.47619	6.582e-05	0.000111451	0	0.000103511	9.14286e-07	3.83086e-05	3.1e-06	3.82
3	4096	3.32143	2.33667	6.594e-05	0.000111469	0	0.00010356	9.48571e-07	3.84829e-05	3.05143e-06	3.76
3	4096	3.32041	2.10325	6.59343e-05	0.000111486	0	0.000103411	9.91429e-07	3.84029e-05	2.97143e-06	3.75
3	4096	3.32028	2.00957	6.586e-05	0.000111366	0	0.00010344	9e-07	3.834e-05	2.96e-06	3.75
3	4096	3.32038	2.24344	6.60057e-05	0.000111397	0	0.000103266	9.74286e-07	3.85086e-05	3.01143e-06	3.75
3	4096	3.32053	2.2201	6.59743e-05	0.000111563	0	0.000103426	9.94286e-07	3.83543e-05	3.01714e-06	3.74
3	4096	3.31973	1.13444	6.58914e-05	0.000111377	0	0.000103343	9.11429e-07	3.82943e-05	2.75429e-06	3.75
3	4096	3.32027	2.17339	6.60343e-05	0.000111337	0	0.000103186	9.05714e-07	3.85057e-05	2.99714e-06	3.74
3	4096	3.32006	1.91571	6.59229e-05	0.000111429	0	0.000103411	8.94286e-07	3.83143e-05	2.94e-06	3.75
3	4096	3.32067	2.45296	6.60029e-05	0.000111443	0	0.000103306	9.22857e-07	3.85114e-05	3.09429e-06	3.75
4	4096	2.49684	2.15002	6.60086e-05	0.00011158	0	0.000103629	1.13143e-06	3.85514e-05	3.05429e-06	3.07
4	4096	2.49653	2.19675	6.592e-05	0.000111643	0	0.000103637	1.12286e-06	3.84057e-05	3.07143e-06	3.00
4	4096	2.49689	2.2201	6.60257e-05	0.000111829	0	0.000103746	1.39714e-06	3.85029e-05	3.06571e-06	3.00
4	4096	2.49679	2.24344	6.59514e-05	0.000111689	0	0.000103674	1.11429e-06	3.84829e-05	3.08857e-06	3.01
4	4096	2.49665	2.17339	6.59486e-05	0.000111643	0	0.000103631	1.16286e-06	3.84314e-05	3.06857e-06	3.02
4	4096	2.49678	2.29008	6.59486e-05	0.000111666	0	0.000103669	1.12286e-06	3.84514e-05	3.12286e-06	3.00
4	4096	2.49673	2.19675	6.59429e-05	0.000111714	0	0.000103669	1.21714e-06	3.84257e-05	3.05143e-06	3.01
4	4096	2.49681	2.17339	6.59457e-05	0.00011166	0	0.000103677	1.14e-06	3.84686e-05	3.06571e-06	3.01
4	4096	2.49665	2.15002	6.594e-05	0.000111637	0	0.000103666	1.14857e-06	3.84286e-05	3.05429e-06	3.01
4	4096	2.49682	2.26676	6.594e-05	0.000111726	0	0.000103654	1.18286e-06	3.84371e-05	3.08e-06	3.01
5	4096	2.0062	3.96249	6.62e-05	0.00011202	0	0.000103866	1.57429e-06	3.86829e-05	3.53714e-06	2.62
5	4096	2.00627	4.14229	6.62457e-05	0.000112063	0	0.000103857	1.75429e-06	3.86857e-05	3.59429e-06	2.61
5	4096	2.00608	4.05247	6.62057e-05	0.000112023	0	0.000103874	1.58286e-06	3.86857e-05	3.55714e-06	2.61
5	4096	2.00637	3.91743	6.62486e-05	0.00011206	0	0.000103911	1.78286e-06	3.87257e-05	3.53714e-06	2.61
5	4096	2.00589	3.87233	6.61286e-05	0.000112066	0	0.00010386	1.52571e-06	3.85486e-05	3.52286e-06	2.61
5	4096	2.00612	3.93996	6.62371e-05	0.000112071	0	0.000103926	1.74286e-06	3.87457e-05	3.54571e-06	2.61
5	4096	2.00518	3.7594	6.63429e-05	0.000112263	0	0.000103991	2.02857e-06	3.87657e-05	3.48571e-06	2.62
5	4096	2.00616	3.78201	6.62229e-05	0.000112086	0	0.000103857	1.75714e-06	3.86743e-05	3.50286e-06	2.62
5	4096	2.00616	4.16472	6.61314e-05	0.000112154	0	0.000103943	1.63714e-06	3.86086e-05	3.59143e-06	2.62
5	4096	2.00589	4.0974	6.60971e-05	0.000112114	0	0.000103874	1.52571e-06	3.854e-05	3.6e-06	2.61
6	4096	1.677	6.22711	6.632e-05	0.000112551	0	0.0001041	1.89143e-06	3.87429e-05	4.39714e-06	2.38
6	4096	1.67538	5.2729	6.63371e-05	0.000112606	0	0.000104106	2.07429e-06	3.87029e-05	4.13714e-06	2.38
6	4096	1.6769	6.59065	6.63686e-05	0.000112671	0	0.000104166	2.37714e-06	3.88314e-05	4.45143e-06	2.38
6	4096	1.67675	6.61195	6.63771e-05	0.000112651	0	0.000104154	2.36857e-06	3.88286e-05	4.43714e-06	2.39
6	4096	1.67536	4.69986	6.63629e-05	0.000112666	0	0.00010416	2.1e-06	3.87714e-05	3.91143e-06	2.38
6	4096	1.67732	6.69704	6.63514e-05	0.000112683	0	0.000104186	2.31714e-06	3.87171e-05	4.54857e-06	2.38
6	4096	1.67683	6.11964	6.62886e-05	0.000112514	0	0.000104114	1.90286e-06	3.87314e-05	4.35143e-06	2.39
6	4096	1.67504	5.09731	6.65771e-05	0.000112497	0	0.000103766	1.96e-06	3.89114e-05	4.01714e-06	2.38
6	4096	1.6769	6.61195	6.63629e-05	0.000112654	0	0.000104171	2.42286e-06	3.88286e-05	4.41714e-06	2.38
6	4096	1.67683	6.67578	6.63571e-05	0.000112643	0	0.000104194	2.39143e-06	3.88257e-05	4.46286e-06	2.38
7	4096	1.44317	7.83078	6.68086e-05	0.000112969	0	0.000104183	2.63143e-06	3.908e-05	4.94e-06	2.24
7	4096	1.44191	8.07899	6.68914e-05	0.0001132	0	0.000104271	2.97143e-06	3.91829e-05	4.99429e-06	2.24
7	4096	1.44221	7.56037	6.69029e-05	0.000113206	0	0.000104297	2.83143e-06	3.93057e-05	4.88571e-06	2.24
7	4096	1.44379	7.18332	6.68743e-05	0.00011306	0	0.000104251	2.99714e-06	3.91771e-05	4.74857e-06	2.25
7	4096	1.44311	8.05836	6.68343e-05	0.000113517	0	0.000104186	2.74571e-06	3.90171e-05	5.03429e-06	2.25
7	4096	1.443	7.60208	6.69e-05	0.00011326	0	0.000104314	2.85429e-06	3.92143e-05	4.91143e-06	2.25
7	4096	1.44409	9.73997	6.7e-05	0.000113417	0	0.000104386	3.28286e-06	3.93e-05	5.44571e-06	2.24
7	4096	1.44385	7.72697	6.68743e-05	0.000113249	0	0.000104369	3.00286e-06	3.92343e-05	4.89714e-06	2.24
7	4096	1.444	7.22537	6.688e-05	0.000113191	0	0.000104331	3.07714e-06	3.92143e-05	4.74e-06	2.24
7	4096	1.444	7.01476	6.67629e-05	0.000113146	0	0.00010438	3.04571e-06	3.91e-05	4.68571e-06	2.25
8	4096	1.26563	11.3228	6.74543e-05	0.000114151	0	0.000104791	3.86857e-06	3.99371e-05	6.31429e-06	2.24
8	4096	1.26618	12.4225	6.75657e-05	0.000114366	0	0.000104877	4.09714e-06	3.99714e-05	6.66571e-06	2.17
8	4096	1.26609	11.5908	6.74943e-05	0.000114231	0	0.000104857	4.14857e-06	3.99257e-05	6.35714e-06	2.17
8	4096	1.26705	10.2935	6.73257e-05	0.000114171	0	0.000104954	4.18286e-06	3.98714e-05	5.91429e-06	2.18
8	4096	1.2654	11.1497	6.74114e-05	0.00011398	0	0.000104709	3.85429e-06	3.98743e-05	6.35429e-06	2.15
8	4096	1.26599	10.9372	6.72514e-05	0.000114189	0	0.000105109	4.11429e-06	3.98429e-05	6.21429e-06	2.17
8	4096	1.26644	11.8192	6.74229e-05	0.000114389	0	0.000105106	4.30286e-06	3.99171e-05	6.49429e-06	2.16
8	4096	1.26627	11.5526	6.74743e-05	0.000114183	0	0.000104771	3.83143e-06	3.99657e-05	6.42286e-06	2.17
8	4096	1.26621	11.1882	6.73771e-05	0.000114	0	0.000104711	3.72e-06	3.98743e-05	6.28857e-06	2.17
8	4096	1.266	12.6466	6.73771e-05	0.000113954	0	0.000104697	3.88571e-06	3.98886e-05	6.84286e-06	2.17
9	4096	1.13771	25.8105	6.832e-05	0.000116197	0	0.000105814	1.41229e-05	4.05943e-05	1.06457e-05	2.21
9	4096	1.13757	27.0915	6.82257e-05	0.000116329	0	0.000105909	1.38714e-05	4.05543e-05	1.13743e-05	2.14
9	4096	1.13781	26.3177	6.83914e-05	0.000116323	0	0.00010588	1.35286e-05	4.05629e-05	1.09429e-05	2.12
9	4096	1.13769	24.9817	6.83571e-05	0.000116297	0	0.000105817	1.44029e-05	4.06771e-05	1.01543e-05	2.14
9	4096	1.13815	25.4459	6.818e-05	0.000116286	0	0.000106026	1.398e-05	4.06057e-05	1.046e-05	2.14
9	4096	1.13938	28.3164	6.84086e-05	0.00011656	0	0.00010608	1.35143e-05	4.06314e-05	1.19286e-05	2.14
9	4096	1.13729	25.8374	6.828e-05	0.000116277	0	0.000105897	1.38629e-05	4.06257e-05	1.07657e-05	2.14
9	4096	1.13812	27.363	6.83229e-05	0.000116303	0	0.000105969	1.34057e-05	4.05971e-05	1.14343e-05	2.14
9	4096	1.13755	24.9954	6.82457e-05	0.000116186	0	0.000105889	1.39629e-05	4.06257e-05	1.01314e-05	2.14
9	4096	1.13936	26.0383	6.81171e-05	0.0001162	0	0.000106031	1.41257e-05	4.058e-05	1.072e-05	2.14
10	4096	1.0325	33.279	6.97429e-05	0.000119177	0	0.000107463	1.55286e-05	4.11171e-05	1.50686e-05	2.21
10	4096	1.03277	31.7788	6.96086e-05	0.000118943	0	0.000107363	1.55714e-05	4.10514e-05	1.444e-05	2.14
10	4096	1.03159	32.4984	6.964e-05	0.000119017	0	0.000107423	1.57886e-05	4.11286e-05	1.49114e-05	2.14
10	4096	1.03264	33.0281	6.98857e-05	0.000119454	0	0.000107517	1.58057e-05	4.12314e-05	1.55886e-05	2.13
10	4096	1.03194	31.8356	6.97343e-05	0.000119126	0	0.000107429	1.58286e-05	4.10771e-05	1.47286e-05	2.14
10	4096	1.03058	31.4477	6.94657e-05	0.00011862	0	0.000107203	1.61629e-05	4.09571e-05	1.43029e-05	2.13
10	4096	1.03183	32.1292	6.97e-05	0.000119131	0	0.000107446	1.564e-05	4.10943e-05	1.46029e-05	2.14
10	4096	1.03258	31.0902	6.996e-05	0.000119669	0	0.000107726	1.57629e-05	4.12143e-05	1.42343e-05	2.14
10	4096	1.03286	33.5712	6.97914e-05	0.000119354	0	0.000107597	1.59171e-05	4.12514e-05	1.55829e-05	2.14
10	4096	1.0327	33.05	6.98686e-05	0.000119586	0	0.000107651	1.586e-05	4.132e-05	1.53029e-05	2.13
11	4096	0.94547	38.2109	7.10629e-05	0.000121791	0	0.000108814	1.66829e-05	4.17286e-05	1.94657e-05	2.22
11	4096	0.946182	37.5705	7.106e-05	0.000121866	0	0.000108903	1.66857e-05	4.17971e-05	1.95657e-05	2.15
11	4096	0.946451	36.6729	7.104e-05	0.00012194	0	0.000108934	1.69657e-05	4.17629e-05	1.86343e-05	2.15
11	4096	0.946493	37.2549	7.10457e-05	0.000121729	0	0.000108797	1.67914e-05	4.17114e-05	1.894e-05	2.15
11	4096	0.949878	39.0839	7.11829e-05	0.000122103	0	0.000108977	1.65771e-05	4.19514e-05	2.05629e-05	2.15
11	4096	0.947054	39.5692	7.12343e-05	0.000122369	0	0.000109066	1.67143e-05	4.20543e-05	2.09029e-05	2.15
11	4096	0.94714	38.4338	7.104e-05	0.000121837	0	0.000108871	1.66629e-05	4.17171e-05	1.96086e-05	2.14
11	4096	0.947402	40.0117	7.11229e-05	0.000121957	0	0.000108946	1.65257e-05	4.178e-05	2.10714e-05	2.14
11	4096	0.94766	37.9206	7.09457e-05	0.00012176	0	0.000108871	1.67486e-05	4.176e-05	1.95057e-05	2.15
11	4096	0.945942	39.2285	7.13029e-05	0.000122266	0	0.000109046	1.668e-05	4.19057e-05	2.04343e-05	2.14
12	4096	0.906013	39.6582	7.37314e-05	0.000126237	0	0.000114057	1.856e-05	4.30971e-05	2.19057e-05	2.27
12	4096	0.911116	42.0323	7.43514e-05	0.000127574	0	0.000114643	1.83629e-05	4.34657e-05	2.43086e-05	2.21
12	4096	0.906945	40.6978	7.39457e-05	0.000126731	0	0.000114294	1.82714e-05	4.32629e-05	2.26486e-05	2.21
12	4096	0.908617	44.0361	7.44714e-05	0.000127883	0	0.000114746	1.81971e-05	4.35229e-05	2.59829e-05	2.21
12	4096	0.907463	44.4761	7.35914e-05	0.000126	0	0.000114054	1.80657e-05	4.30629e-05	2.59486e-05	2.21
12	4096	0.906204	42.5445	7.38971e-05	0.00012668	0	0.000114329	1.81314e-05	4.32657e-05	2.44029e-05	2.20
12	4096	0.906798	43.2844	7.37229e-05	0.000126231	0	0.000114089	1.83343e-05	4.31657e-05	2.49686e-05	2.21
12	4096	0.90862	45.2406	7.40171e-05	0.000127006	0	0.000114454	1.81029e-05	4.34257e-05	2.73486e-05	2.20
12	4096	0.908009	43.4176	7.41457e-05	0.000127234	0	0.000114554	1.79371e-05	4.33371e-05	2.50229e-05	2.20
12	4096	0.910582	42.318	7.43314e-05	0.000127663	0	0.000114643	1.842e-05	4.35486e-05	2.44714e-05	2.22
