N_THREADS	N_TRANSACTIONS	TIME	N_ABORTS	PROCESS_READ_TIME	PROCESS_WRITE_TIME	PROCESS_VALIDATION_TIME	PROCESS_OTHER_TIME	COMMIT_VALIDATION_TIME	COMMIT_OTHER_TIME	WASTED_TIME
1	100	0.0103063	0	1.57886e-05	2.02857e-07	0	1.34943e-05	2.48571e-07	7.17143e-06	1.19429e-06
1	100	0.0103045	0	1.57771e-05	2.02857e-07	0	1.34829e-05	2.51429e-07	7.17143e-06	1.2e-06
1	100	0.0103056	0	1.57829e-05	2.05714e-07	0	1.34886e-05	2.51429e-07	7.17429e-06	1.2e-06
1	100	0.0103076	0	1.58057e-05	2.02857e-07	0	1.34943e-05	2.48571e-07	7.17429e-06	1.19714e-06
1	100	0.0103051	0	1.57971e-05	2.02857e-07	0	1.34914e-05	2.45714e-07	7.17714e-06	1.19143e-06
1	100	0.0103043	0	1.57771e-05	2e-07	0	1.34886e-05	2.51429e-07	7.17143e-06	1.19714e-06
1	100	0.0103071	0	1.58e-05	2.08571e-07	0	1.34943e-05	2.51429e-07	7.17429e-06	1.19429e-06
1	100	0.0103051	0	1.57886e-05	2.02857e-07	0	1.34829e-05	2.48571e-07	7.17429e-06	1.19714e-06
1	100	0.0103056	0	1.58e-05	2.05714e-07	0	1.34857e-05	2.48571e-07	7.17714e-06	1.19429e-06
1	100	0.0103049	0	1.57943e-05	2.02857e-07	0	1.34886e-05	2.48571e-07	7.17429e-06	1.19714e-06
2	200	0.0110379	0	1.81743e-05	2.91429e-07	0	1.502e-05	2.45714e-07	8.96571e-06	1.19143e-06
2	200	0.0110404	0	1.81943e-05	2.91429e-07	0	1.50143e-05	2.51429e-07	8.96857e-06	1.19143e-06
2	200	0.0110345	0	1.81629e-05	2.91429e-07	0	1.50114e-05	2.51429e-07	8.94857e-06	1.19714e-06
2	200	0.011039	0	1.81686e-05	2.91429e-07	0	1.50171e-05	2.51429e-07	8.97429e-06	1.19429e-06
2	200	0.0110295	0	1.81457e-05	2.91429e-07	0	1.50143e-05	2.51429e-07	8.93429e-06	1.19714e-06
2	200	0.0110354	0	1.81771e-05	2.91429e-07	0	1.50171e-05	2.51429e-07	8.94571e-06	1.19429e-06
2	200	0.0110355	0	1.81629e-05	2.91429e-07	0	1.50171e-05	2.48571e-07	8.95429e-06	1.19714e-06
2	200	0.0110331	0	1.816e-05	2.88571e-07	0	1.502e-05	2.48571e-07	8.95429e-06	1.19143e-06
2	200	0.0110324	0	1.81657e-05	2.88571e-07	0	1.502e-05	2.51429e-07	8.94857e-06	1.19143e-06
2	200	0.0110329	0	1.81743e-05	2.88571e-07	0	1.49971e-05	2.48571e-07	8.95143e-06	1.19429e-06
3	300	0.0113482	3.22581	1.89229e-05	3.45714e-07	0	1.54457e-05	2.48571e-07	9.71143e-06	2.52857e-06
3	300	0.0113667	2.5974	1.89457e-05	3.42857e-07	0	1.54486e-05	2.48571e-07	9.75143e-06	2.34571e-06
3	300	0.0113599	2.5974	1.89571e-05	3.42857e-07	0	1.54429e-05	2.45714e-07	9.70857e-06	2.32571e-06
3	300	0.011317	1.31579	1.89857e-05	3.4e-07	0	1.54571e-05	2.48571e-07	9.79429e-06	1.95429e-06
3	300	0.0113684	1.96078	1.89657e-05	3.4e-07	0	1.54657e-05	2.45714e-07	9.75143e-06	2.19429e-06
3	300	0.0113488	3.22581	1.892e-05	3.4e-07	0	1.54486e-05	2.48571e-07	9.72e-06	2.52857e-06
3	300	0.0113589	2.5974	1.89343e-05	3.42857e-07	0	1.54429e-05	2.48571e-07	9.70286e-06	2.35143e-06
3	300	0.0113168	1.31579	1.89886e-05	3.4e-07	0	1.54543e-05	2.48571e-07	9.74571e-06	1.97429e-06
3	300	0.0113158	1.31579	1.89914e-05	3.42857e-07	0	1.54486e-05	2.48571e-07	9.76571e-06	1.95714e-06
3	300	0.0113598	2.5974	1.89257e-05	3.42857e-07	0	1.54486e-05	2.48571e-07	9.74e-06	2.32857e-06
4	400	0.0116805	5.43735	1.94829e-05	4e-07	0	1.564e-05	2.45714e-07	1.04714e-05	3.60857e-06
4	400	0.0117585	5.66038	1.94857e-05	4e-07	0	1.56457e-05	2.45714e-07	1.04457e-05	3.64571e-06
4	400	0.0116863	5.88235	1.95171e-05	4e-07	0	1.56629e-05	2.48571e-07	1.04629e-05	3.83714e-06
4	400	0.0115544	4.53461	1.95e-05	3.97143e-07	0	1.56371e-05	2.48571e-07	1.04057e-05	3.00857e-06
4	400	0.0117213	5.88235	1.95486e-05	3.97143e-07	0	1.56457e-05	2.51429e-07	1.04971e-05	3.84857e-06
4	400	0.0116101	3.38164	1.94543e-05	4e-07	0	1.56343e-05	2.48571e-07	1.03343e-05	2.55143e-06
4	400	0.0115801	5.43735	1.946e-05	3.97143e-07	0	1.56571e-05	2.45714e-07	1.03371e-05	3.55429e-06
4	400	0.0116279	5.21327	1.95543e-05	3.97143e-07	0	1.56543e-05	2.42857e-07	1.05429e-05	3.30286e-06
4	400	0.0116813	5.66038	1.94829e-05	3.94286e-07	0	1.56543e-05	2.48571e-07	1.03543e-05	3.91429e-06
4	400	0.0117467	5.21327	1.94571e-05	3.94286e-07	0	1.56629e-05	2.48571e-07	1.04343e-05	3.56e-06
5	500	0.0122387	11.8166	2.008e-05	4.25714e-07	0	1.59e-05	2.42857e-07	1.098e-05	6.69429e-06
5	500	0.012399	14.0893	1.99714e-05	4.17143e-07	0	1.58286e-05	2.42857e-07	1.08971e-05	7.96571e-06
5	500	0.0121973	11.9718	2.00343e-05	4.25714e-07	0	1.58514e-05	2.42857e-07	1.10057e-05	6.95143e-06
5	500	0.0120355	9.74729	2.00571e-05	4.2e-07	0	1.58343e-05	2.42857e-07	1.10629e-05	5.71143e-06
5	500	0.011781	6.89013	1.99857e-05	4.2e-07	0	1.58229e-05	2.42857e-07	1.09943e-05	4.13143e-06
5	500	0.011847	9.09091	2.00257e-05	4.22857e-07	0	1.58314e-05	2.42857e-07	1.104e-05	5.02857e-06
5	500	0.0120299	9.58409	1.99857e-05	4.28571e-07	0	1.58029e-05	2.42857e-07	1.09457e-05	5.39429e-06
5	500	0.0121792	10.2334	2.00543e-05	4.25714e-07	0	1.58686e-05	2.42857e-07	1.10057e-05	5.90571e-06
5	500	0.0120747	10.8734	2.00314e-05	4.22857e-07	0	1.58486e-05	2.42857e-07	1.10286e-05	6.13143e-06
5	500	0.0117878	6.89013	1.99829e-05	4.2e-07	0	1.58286e-05	2.42857e-07	1.09971e-05	4.18571e-06
6	600	0.0127562	10.4478	2.05057e-05	4.42857e-07	0	1.60571e-05	2.4e-07	1.14286e-05	7.04e-06
6	600	0.0122892	11.2426	2.07829e-05	4.42857e-07	0	1.62914e-05	2.4e-07	1.158e-05	6.56857e-06
6	600	0.0124329	12.4088	2.06886e-05	4.45714e-07	0	1.622e-05	2.4e-07	1.15371e-05	7.87714e-06
6	600	0.0122175	12.4088	2.06429e-05	4.45714e-07	0	1.61829e-05	2.4e-07	1.15286e-05	6.91143e-06
6	600	0.0123588	11.8943	2.06771e-05	4.45714e-07	0	1.62086e-05	2.4e-07	1.15229e-05	7.26e-06
6	600	0.0123141	12.0235	2.06314e-05	4.4e-07	0	1.61371e-05	2.4e-07	1.15e-05	6.98e-06
6	600	0.0123526	12.5364	2.06686e-05	4.42857e-07	0	1.62171e-05	2.4e-07	1.15114e-05	6.97714e-06
6	600	0.0124881	10.5812	2.05886e-05	4.37143e-07	0	1.612e-05	2.4e-07	1.14629e-05	6.89714e-06
6	600	0.0125345	11.2426	2.09e-05	4.45714e-07	0	1.63514e-05	2.42857e-07	1.16543e-05	6.39714e-06
6	600	0.0121865	10.3139	2.05971e-05	4.4e-07	0	1.61657e-05	2.4e-07	1.14886e-05	6.30286e-06
7	700	0.0138098	21.3483	2.15829e-05	4.31429e-07	0	1.68114e-05	2.4e-07	1.19771e-05	1.37829e-05
7	700	0.0138922	15.2542	2.16886e-05	4.37143e-07	0	1.69143e-05	2.4e-07	1.20143e-05	9.27714e-06
7	700	0.0139359	17.8404	2.18657e-05	4.65714e-07	0	1.69971e-05	2.4e-07	1.22257e-05	1.18143e-05
7	700	0.0145981	20.4545	2.21829e-05	4.45714e-07	0	1.71857e-05	2.4e-07	1.246e-05	1.33229e-05
7	700	0.0147714	20.7248	2.18429e-05	4.62857e-07	0	1.7e-05	2.4e-07	1.21457e-05	1.29029e-05
7	700	0.0133432	16.7658	2.19029e-05	4.62857e-07	0	1.69571e-05	2.4e-07	1.232e-05	1.00429e-05
7	700	0.0134318	18.1287	2.18257e-05	4.62857e-07	0	1.69971e-05	2.4e-07	1.22143e-05	1.12829e-05
7	700	0.0146165	17.5501	2.22114e-05	4.6e-07	0	1.72514e-05	2.4e-07	1.23371e-05	1.074e-05
7	700	0.0159765	21.9621	2.22857e-05	4.68571e-07	0	1.73314e-05	2.4e-07	1.23857e-05	1.42829e-05
7	700	0.0141085	20.8145	2.18057e-05	4.6e-07	0	1.69686e-05	2.4e-07	1.21514e-05	1.34457e-05
8	800	0.0166023	27.7978	2.26943e-05	4.48571e-07	0	1.74629e-05	2.4e-07	1.27114e-05	1.96514e-05
8	800	0.0150668	22.9287	2.24257e-05	4.2e-07	0	1.72943e-05	2.42857e-07	1.25457e-05	1.50057e-05
8	800	0.014746	22.0273	2.28486e-05	4.28571e-07	0	1.75171e-05	2.42857e-07	1.29343e-05	1.40914e-05
8	800	0.0166971	27.6018	2.29114e-05	4.45714e-07	0	1.77029e-05	2.42857e-07	1.27114e-05	1.96457e-05
8	800	0.0168113	24.812	2.30543e-05	4.48571e-07	0	1.77371e-05	2.42857e-07	1.29771e-05	1.706e-05
8	800	0.0171433	24.1706	2.27543e-05	4.37143e-07	0	1.75314e-05	2.45714e-07	1.27886e-05	1.66e-05
8	800	0.0162394	26.3352	2.30571e-05	4.51429e-07	0	1.78029e-05	2.37143e-07	1.28029e-05	1.86857e-05
8	800	0.0178304	26.7399	2.266e-05	4.48571e-07	0	1.75371e-05	2.48571e-07	1.25257e-05	1.954e-05
8	800	0.0172095	24.0266	2.28429e-05	4.4e-07	0	1.75771e-05	2.48571e-07	1.27771e-05	1.66314e-05
8	800	0.0152395	22.5557	2.29114e-05	4.54286e-07	0	1.76229e-05	2.45714e-07	1.28886e-05	1.48543e-05
9	900	0.0161354	29.5775	2.33743e-05	4.17143e-07	0	1.78543e-05	2.31429e-07	1.32143e-05	2.36914e-05
9	900	0.0174091	29.0221	2.33857e-05	4.42857e-07	0	1.79514e-05	2.31429e-07	1.31e-05	2.33343e-05
9	900	0.016715	27.8846	2.32686e-05	4.34286e-07	0	1.782e-05	2.31429e-07	1.31029e-05	2.22343e-05
9	900	0.0165481	25.4967	2.36429e-05	4.42857e-07	0	1.80257e-05	2.31429e-07	1.34171e-05	1.94486e-05
9	900	0.0144288	23.2737	2.32086e-05	4.37143e-07	0	1.76943e-05	2.31429e-07	1.32257e-05	1.64914e-05
9	900	0.0172554	28.6846	2.37114e-05	4.48571e-07	0	1.81086e-05	2.31429e-07	1.34029e-05	2.19457e-05
9	900	0.0170644	28.5147	2.35886e-05	4.51429e-07	0	1.80114e-05	2.31429e-07	1.33143e-05	2.04829e-05
9	900	0.0213271	28.2297	2.29086e-05	4.37143e-07	0	1.77029e-05	2.31429e-07	1.26229e-05	2.396e-05
9	900	0.0172631	27.4194	2.39286e-05	4.4e-07	0	1.82914e-05	2.31429e-07	1.338e-05	2.01743e-05
9	900	0.0195781	29.4118	2.33686e-05	4.37143e-07	0	1.79857e-05	2.34286e-07	1.29971e-05	2.44029e-05
10	1000	0.0206227	32.5691	2.50286e-05	4.57143e-07	0	1.91171e-05	2.28571e-07	1.39086e-05	2.91286e-05
10	1000	0.0197581	35.7739	2.39514e-05	4.45714e-07	0	1.82143e-05	2.28571e-07	1.35457e-05	3.19114e-05
10	1000	0.0212676	35.3588	2.50057e-05	4.48571e-07	0	1.90371e-05	2.28571e-07	1.398e-05	3.09371e-05
10	1000	0.0205936	32.5691	2.50486e-05	4.54286e-07	0	1.906e-05	2.28571e-07	1.41057e-05	2.87886e-05
10	1000	0.0223361	37.6947	2.47429e-05	4.57143e-07	0	1.88743e-05	2.28571e-07	1.38429e-05	3.81114e-05
10	1000	0.0197974	33.5989	2.40486e-05	4.42857e-07	0	1.83943e-05	2.28571e-07	1.34829e-05	2.80629e-05
10	1000	0.0209476	34.6832	2.40286e-05	4.42857e-07	0	1.84314e-05	2.28571e-07	1.33457e-05	3.07686e-05
10	1000	0.0175864	29.627	2.42286e-05	4.37143e-07	0	1.84029e-05	2.31429e-07	1.37286e-05	2.23429e-05
10	1000	0.0173016	33.5548	2.40657e-05	4.42857e-07	0	1.82886e-05	2.28571e-07	1.36486e-05	2.71086e-05
10	1000	0.0209828	34.4262	2.35686e-05	4.28571e-07	0	1.812e-05	2.28571e-07	1.30657e-05	2.98343e-05
11	1100	0.02077	38.4099	2.43657e-05	4.42857e-07	0	1.86457e-05	2.42857e-07	1.35229e-05	3.70857e-05
11	1100	0.0214958	38.7528	2.39514e-05	4.51429e-07	0	1.824e-05	2.31429e-07	1.34914e-05	3.77143e-05
11	1100	0.0222341	34.9882	2.418e-05	4.54286e-07	0	1.844e-05	2.4e-07	1.35314e-05	3.32171e-05
11	1100	0.0212837	35.1797	2.48486e-05	4.65714e-07	0	1.88743e-05	2.42857e-07	1.39457e-05	3.25486e-05
11	1100	0.0215966	36.4529	2.53943e-05	4.68571e-07	0	1.92629e-05	2.42857e-07	1.42886e-05	3.35743e-05
11	1100	0.0207917	36.0837	2.46314e-05	4.6e-07	0	1.87286e-05	2.4e-07	1.38657e-05	3.40943e-05
11	1100	0.0209958	35.7477	2.48857e-05	4.51429e-07	0	1.89371e-05	2.45714e-07	1.388e-05	3.45086e-05
11	1100	0.0198285	34.1712	2.47343e-05	4.6e-07	0	1.87429e-05	2.42857e-07	1.39086e-05	2.83514e-05
11	1100	0.0213538	38.8889	2.45286e-05	4.62857e-07	0	1.85886e-05	2.37143e-07	1.37886e-05	3.81486e-05
11	1100	0.0218258	34.4848	2.45086e-05	4.54286e-07	0	1.868e-05	2.45714e-07	1.36686e-05	3.25057e-05
12	1200	0.0222448	39.4551	2.63457e-05	4.71429e-07	0	2.00171e-05	2.4e-07	1.49286e-05	4.22686e-05
12	1200	0.0240473	41.2053	2.76257e-05	5.08571e-07	0	2.08943e-05	2.4e-07	1.56743e-05	4.824e-05
12	1200	0.0239508	39.3327	2.75314e-05	4.77143e-07	0	2.10486e-05	2.4e-07	1.53343e-05	4.58314e-05
12	1200	0.0237931	41.9448	2.67371e-05	4.88571e-07	0	2.034e-05	2.4e-07	1.51029e-05	5.06257e-05
12	1200	0.0219746	38.6503	2.67486e-05	4.94286e-07	0	2.03086e-05	2.4e-07	1.52514e-05	3.86914e-05
12	1200	0.0236955	41.492	2.63e-05	4.91429e-07	0	2.00486e-05	2.4e-07	1.47743e-05	4.44429e-05
12	1200	0.0228325	40.4467	2.58886e-05	4.34286e-07	0	1.96943e-05	2.4e-07	1.46914e-05	4.37229e-05
12	1200	0.024054	42.001	2.644e-05	4.85714e-07	0	2.01543e-05	2.4e-07	1.49486e-05	4.77286e-05
12	1200	0.0231953	37.565	2.53943e-05	4.8e-07	0	1.93886e-05	2.4e-07	1.444e-05	3.97229e-05
12	1200	0.0240415	39.9399	2.75886e-05	5.05714e-07	0	2.09771e-05	2.4e-07	1.55086e-05	4.48029e-05
