N_THREADS	N_TRANSACTIONS	TIME	N_ABORTS	PROCESS_READ_TIME	PROCESS_WRITE_TIME	PROCESS_VALIDATION_TIME	PROCESS_OTHER_TIME	COMMIT_VALIDATION_TIME	COMMIT_OTHER_TIME	WASTED_TIME
1	100	0.0180653	0	5.03971e-05	6.08571e-07	0	3.08514e-05	8.57143e-09	2.65171e-05	2.41143e-06	0.43
1	100	0.0180669	0	5.03886e-05	6.08571e-07	0	3.08571e-05	8.57143e-09	2.654e-05	2.42286e-06	0.41
1	100	0.0180593	0	5.03514e-05	6.11429e-07	0	3.08429e-05	8.57143e-09	2.65029e-05	2.42286e-06	0.41
1	100	0.0180629	0	5.03457e-05	6.14286e-07	0	3.08657e-05	8.57143e-09	2.64914e-05	2.43429e-06	0.41
1	100	0.0180678	0	5.036e-05	6.14286e-07	0	3.09057e-05	8.57143e-09	2.65171e-05	2.40571e-06	0.41
1	100	0.0180626	0	5.03429e-05	6.08571e-07	0	3.08714e-05	8.57143e-09	2.65057e-05	2.40286e-06	0.41
1	100	0.0180559	0	5.03429e-05	6.11429e-07	0	3.08429e-05	8.57143e-09	2.65029e-05	2.40286e-06	0.41
1	100	0.0180623	0	5.03657e-05	5.97143e-07	0	3.08486e-05	8.57143e-09	2.65343e-05	2.40571e-06	0.41
1	100	0.0180692	0	5.03457e-05	6.11429e-07	0	3.09143e-05	8.57143e-09	2.652e-05	2.41714e-06	0.41
1	100	0.0180652	0	5.034e-05	6.08571e-07	0	3.086e-05	8.57143e-09	2.65229e-05	2.41429e-06	0.41
2	200	0.021689	1.96078	6.00229e-05	9.17143e-07	0	3.576e-05	1.14286e-08	3.65057e-05	5.28857e-06	0.44
2	200	0.0216831	1.96078	6.004e-05	9.08571e-07	0	3.57314e-05	1.14286e-08	3.64286e-05	5.31714e-06	0.42
2	200	0.0216863	1.96078	6.01029e-05	9.14286e-07	0	3.56914e-05	1.14286e-08	3.64686e-05	5.3e-06	0.42
2	200	0.0216539	1.96078	5.99771e-05	9.11429e-07	0	3.56629e-05	1.14286e-08	3.62886e-05	5.31429e-06	0.42
2	200	0.0216771	1.96078	6.00286e-05	9.17143e-07	0	3.57114e-05	1.14286e-08	3.64171e-05	5.29714e-06	0.42
2	200	0.0216811	1.96078	6.006e-05	9.08571e-07	0	3.56514e-05	1.14286e-08	3.65143e-05	5.26e-06	0.42
2	200	0.0216631	1.96078	5.99486e-05	9.08571e-07	0	3.56886e-05	1.14286e-08	3.64229e-05	5.29429e-06	0.42
2	200	0.0216829	1.96078	6.00029e-05	9.08571e-07	0	3.57e-05	1.14286e-08	3.65229e-05	5.30857e-06	0.42
2	200	0.0216853	1.96078	5.998e-05	9.08571e-07	0	3.57457e-05	1.14286e-08	3.65171e-05	5.28857e-06	0.42
2	200	0.0216807	1.96078	6.01114e-05	9.14286e-07	0	3.56914e-05	1.14286e-08	3.64029e-05	5.28e-06	0.42
3	300	0.0235077	1.96078	6.73057e-05	1.12571e-06	0	3.90143e-05	1.42857e-08	4.38914e-05	5.58286e-06	0.52
3	300	0.0235001	2.5974	6.71286e-05	1.14857e-06	0	3.89686e-05	1.42857e-08	4.37057e-05	6.52857e-06	0.42
3	300	0.0237856	2.91262	6.73714e-05	1.16e-06	0	3.91314e-05	1.42857e-08	4.416e-05	7.68286e-06	0.42
3	300	0.0235421	2.5974	6.72686e-05	1.13429e-06	0	3.91771e-05	1.42857e-08	4.38057e-05	6.99429e-06	0.43
3	300	0.0237498	2.91262	6.73086e-05	1.15429e-06	0	3.91029e-05	1.42857e-08	4.384e-05	7.72286e-06	0.43
3	300	0.0238343	3.22581	6.72486e-05	1.14857e-06	0	3.90143e-05	1.42857e-08	4.39057e-05	7.15714e-06	0.43
3	300	0.0237976	2.91262	6.73371e-05	1.14e-06	0	3.91286e-05	1.42857e-08	4.42429e-05	6.96857e-06	0.42
3	300	0.0238507	5.66038	6.70857e-05	1.13714e-06	0	3.89857e-05	1.42857e-08	4.35229e-05	1.20057e-05	0.43
3	300	0.0237913	2.91262	6.74686e-05	1.15143e-06	0	3.90629e-05	1.42857e-08	4.41229e-05	7.74857e-06	0.43
3	300	0.0235205	1.96078	6.72514e-05	1.12857e-06	0	3.902e-05	1.42857e-08	4.38743e-05	5.85143e-06	0.43
4	400	0.0280441	12.2807	7.74086e-05	1.47429e-06	0	4.35114e-05	1.42857e-08	5.26286e-05	2.26143e-05	0.59
4	400	0.0305669	19.3548	7.70057e-05	1.45143e-06	0	4.34771e-05	1.42857e-08	5.204e-05	2.94286e-05	0.51
4	400	0.0276856	9.09091	7.62543e-05	1.42857e-06	0	4.30457e-05	1.71429e-08	5.22029e-05	1.94143e-05	0.52
4	400	0.0275815	10.9131	7.67114e-05	1.46571e-06	0	4.31886e-05	1.71429e-08	5.22743e-05	1.93086e-05	0.51
4	400	0.0278064	10.9131	7.70486e-05	1.44857e-06	0	4.33886e-05	1.42857e-08	5.22629e-05	2.05371e-05	0.50
4	400	0.0268424	9.50226	7.692e-05	1.47143e-06	0	4.33886e-05	1.42857e-08	5.23571e-05	1.63486e-05	0.50
4	400	0.027588	11.8943	7.72771e-05	1.46857e-06	0	4.35257e-05	1.71429e-08	5.25514e-05	2.10143e-05	0.51
4	400	0.0267435	7.19258	7.74714e-05	1.46571e-06	0	4.36029e-05	1.71429e-08	5.276e-05	1.37657e-05	0.51
4	400	0.0275282	11.5044	7.67771e-05	1.44857e-06	0	4.33171e-05	1.71429e-08	5.18886e-05	1.81371e-05	0.49
4	400	0.0273889	12.4726	7.71057e-05	1.47143e-06	0	4.34229e-05	1.42857e-08	5.25029e-05	2.09886e-05	0.51
5	500	0.0325062	14.2367	9.00657e-05	1.64286e-06	0	4.91171e-05	1.42857e-08	6.33229e-05	3.136e-05	0.70
5	500	0.0324085	15.683	9.076e-05	1.70571e-06	0	4.976e-05	1.42857e-08	6.32171e-05	3.06114e-05	0.61
5	500	0.034246	21.1356	9.14971e-05	1.71143e-06	0	4.97743e-05	1.42857e-08	6.34429e-05	4.16771e-05	0.61
5	500	0.0330851	17.2185	9.12314e-05	1.55429e-06	0	4.96029e-05	1.14286e-08	6.31514e-05	3.19171e-05	0.60
5	500	0.0353584	23.0769	9.02743e-05	1.52e-06	0	4.90857e-05	1.42857e-08	6.29371e-05	4.50257e-05	0.61
5	500	0.0364712	19.8718	9.28914e-05	1.68e-06	0	5.04e-05	1.42857e-08	6.45486e-05	4.66914e-05	0.62
5	500	0.0345023	17.0813	9.24143e-05	1.59429e-06	0	5.01114e-05	1.42857e-08	6.46943e-05	3.87486e-05	0.62
5	500	0.0343831	16.388	9.134e-05	1.63143e-06	0	4.96829e-05	1.42857e-08	6.38486e-05	3.27543e-05	0.61
5	500	0.0338491	19.8718	9.08286e-05	1.72286e-06	0	4.95086e-05	1.42857e-08	6.31771e-05	4.15e-05	0.62
5	500	0.0360016	20	9.02543e-05	1.57143e-06	0	4.92257e-05	1.14286e-08	6.28771e-05	3.95286e-05	0.62
6	600	0.0478949	27.0073	0.000113077	2.05143e-06	0	5.94829e-05	1.71429e-08	7.89686e-05	8.17086e-05	0.82
6	600	0.0440369	27.7108	0.000112617	2.09143e-06	0	5.93086e-05	1.71429e-08	7.946e-05	7.94486e-05	0.72
6	600	0.0429709	26.8293	0.000110051	2.05429e-06	0	5.80229e-05	1.71429e-08	7.75743e-05	6.43886e-05	0.72
6	600	0.0493857	31.0345	0.000110991	2.11429e-06	0	5.87514e-05	1.71429e-08	7.752e-05	9.02971e-05	0.73
6	600	0.0473707	31.9728	0.000111251	2.10571e-06	0	5.85057e-05	1.71429e-08	7.79971e-05	9.86686e-05	0.72
6	600	0.0450675	27.6236	0.00010896	2.02857e-06	0	5.77714e-05	1.71429e-08	7.63629e-05	7.718e-05	0.72
6	600	0.0451597	24.1466	0.000106006	1.76e-06	0	5.59343e-05	1.14286e-08	7.45371e-05	6.55857e-05	0.72
6	600	0.0452341	29.3286	0.000112769	2.21714e-06	0	5.91571e-05	1.71429e-08	7.92286e-05	8.59629e-05	0.73
6	600	0.0478368	29.4947	0.000110643	2.08857e-06	0	5.83314e-05	1.71429e-08	7.708e-05	8.85314e-05	0.73
6	600	0.0485561	29.9883	0.000105446	2.05143e-06	0	5.64286e-05	1.71429e-08	7.30143e-05	9.37714e-05	0.72
7	700	0.0575637	33.7748	0.000134717	2.22e-06	0	6.86657e-05	1.42857e-08	9.472e-05	0.000121786	0.93
7	700	0.0595275	37.2197	0.000135211	2.56857e-06	0	6.908e-05	1.42857e-08	9.53143e-05	0.000135757	0.84
7	700	0.0586233	35.1251	0.0001334	2.41143e-06	0	6.82486e-05	1.42857e-08	9.41657e-05	0.000112303	0.84
7	700	0.0584587	35.1852	0.000131546	2.37143e-06	0	6.73286e-05	1.71429e-08	9.23771e-05	0.000123769	0.84
7	700	0.056441	33.5863	0.000125609	1.97143e-06	0	6.47171e-05	1.42857e-08	8.74514e-05	0.00011542	0.84
7	700	0.0576195	34.5794	0.00013336	2.10286e-06	0	6.79e-05	1.42857e-08	9.336e-05	0.000119806	0.83
7	700	0.0570793	34.2723	0.000134643	2.51429e-06	0	6.86314e-05	1.71429e-08	9.42286e-05	0.000121874	0.83
7	700	0.0573148	33.7121	0.000134569	2.23143e-06	0	6.86143e-05	1.42857e-08	9.42057e-05	0.00012242	0.84
7	700	0.0565297	35.0046	0.000137263	2.55429e-06	0	6.98286e-05	1.71429e-08	9.63314e-05	0.000137374	0.83
7	700	0.0595382	31.7739	0.000125806	2.37714e-06	0	6.54057e-05	1.71429e-08	8.84143e-05	0.0001109	0.83
8	800	0.0708033	45.1679	0.000144609	2.33143e-06	0	7.29371e-05	1.14286e-08	0.000100777	0.000196123	0.97
8	800	0.0731084	44.6367	0.000158691	2.33429e-06	0	7.9e-05	1.42857e-08	0.000111314	0.000211603	0.94
8	800	0.0727853	43.662	0.000157103	2.30571e-06	0	7.82886e-05	1.42857e-08	0.000110631	0.000199143	0.95
8	800	0.0712757	38.6973	0.000157763	2.42857e-06	0	7.86e-05	1.42857e-08	0.000111143	0.000175031	0.94
8	800	0.0676331	40.1198	0.000158029	2.36857e-06	0	7.85543e-05	1.14286e-08	0.00011178	0.000170254	0.94
8	800	0.0737261	44.0168	0.000155434	2.36286e-06	0	7.764e-05	1.42857e-08	0.000109591	0.000224254	0.95
8	800	0.0706281	41.9869	0.000144974	2.22286e-06	0	7.32914e-05	1.42857e-08	0.000101603	0.000182166	0.94
8	800	0.0715985	43.5825	0.000144577	2.43714e-06	0	7.31771e-05	1.14286e-08	0.000101794	0.00019908	0.95
8	800	0.0727605	43.2221	0.000154529	2.54571e-06	0	7.74914e-05	1.14286e-08	0.000108171	0.000181923	0.94
8	800	0.073969	43.899	0.000161026	2.67143e-06	0	7.99971e-05	1.14286e-08	0.000113666	0.000226346	0.95
9	900	0.0901087	45.9459	0.000187089	2.94571e-06	0	9.13657e-05	8.57143e-09	0.000131591	0.000284337	1.16
9	900	0.0885899	51.2195	0.000169191	2.52e-06	0	8.37657e-05	5.71429e-09	0.000119109	0.000300846	1.08
9	900	0.0789362	43.2177	0.000162886	2.5e-06	0	8.11057e-05	0	0.000114766	0.000228129	1.08
9	900	0.0842218	47.7048	0.000162243	2.56857e-06	0	8.08114e-05	2.85714e-09	0.000114131	0.0002573	1.07
9	900	0.0921733	50.3585	0.000179603	2.74857e-06	0	8.802e-05	5.71429e-09	0.000126206	0.000311877	1.09
9	900	0.0900651	49.6363	0.000167171	2.76e-06	0	8.28314e-05	5.71429e-09	0.000117706	0.00029576	1.08
9	900	0.0900593	51.8974	0.000170871	2.61143e-06	0	8.43514e-05	2.85714e-09	0.000119751	0.000316791	1.08
9	900	0.0820426	45.122	0.000172989	2.66e-06	0	8.54543e-05	5.71429e-09	0.000122386	0.000244691	1.08
9	900	0.0852392	45.6522	0.000169351	2.64857e-06	0	8.37857e-05	8.57143e-09	0.000119471	0.000257637	1.09
9	900	0.0872538	49.0374	0.0001615	2.48e-06	0	8.046e-05	2.85714e-09	0.000112723	0.000294534	1.09
10	1000	0.103857	53.8745	0.000178731	2.84857e-06	0	8.75514e-05	2.85714e-09	0.00012536	0.000375023	1.20
10	1000	0.105616	48.9535	0.000208031	3.09714e-06	0	0.000100563	2.85714e-09	0.000146183	0.000332343	1.20
10	1000	0.0955316	52.2673	0.000183457	2.80857e-06	0	8.97371e-05	2.85714e-09	0.000129114	0.000323357	1.19
10	1000	0.109209	56.8035	0.000191834	2.98e-06	0	9.32086e-05	2.85714e-09	0.000135037	0.00041914	1.20
10	1000	0.113334	59.6449	0.000178969	2.90286e-06	0	8.79429e-05	5.71429e-09	0.000124946	0.00044572	1.22
10	1000	0.0979661	50.7146	0.000180369	2.72571e-06	0	8.85114e-05	2.85714e-09	0.000126363	0.000315706	1.19
10	1000	0.0992358	52.9633	0.000185886	2.93714e-06	0	9.07629e-05	2.85714e-09	0.000131131	0.000347411	1.19
10	1000	0.113516	55.397	0.000207166	3.16286e-06	0	9.99257e-05	5.71429e-09	0.000145037	0.00043594	1.21
10	1000	0.0927533	53.0075	0.000176526	2.59429e-06	0	8.69314e-05	2.85714e-09	0.000124431	0.000329669	1.19
10	1000	0.0952006	53.2929	0.000190563	2.82286e-06	0	9.24771e-05	0	0.000134674	0.000337051	1.19
11	1100	0.114485	54.844	0.00019532	2.97714e-06	0	9.52286e-05	2.85714e-09	0.000136497	0.00039512	1.38
11	1100	0.1223	58.5531	0.000205983	3.32286e-06	0	9.95943e-05	2.85714e-09	0.000144603	0.00048542	1.32
11	1100	0.118515	55.0654	0.000219157	3.14286e-06	0	0.000104929	0	0.00015388	0.000434506	1.31
11	1100	0.11652	56.5045	0.000193069	3.1e-06	0	9.38171e-05	2.85714e-09	0.000135943	0.000439994	1.31
11	1100	0.123243	58.4121	0.000209397	3.05714e-06	0	0.0001008	0	0.000146614	0.000490731	1.32
11	1100	0.115188	53.4687	0.000210931	3.32286e-06	0	0.000101463	2.85714e-09	0.000148009	0.000408611	1.31
11	1100	0.122998	54.7511	0.000215477	3.35429e-06	0	0.00010354	2.85714e-09	0.000151411	0.000457303	1.32
11	1100	0.125728	56.8289	0.000212951	3.27429e-06	0	0.000102271	2.85714e-09	0.000149677	0.000469603	1.33
11	1100	0.116924	55.1387	0.000215151	3.45429e-06	0	0.000103177	2.85714e-09	0.000152189	0.0004297	1.31
11	1100	0.110208	55.8587	0.000206477	2.97429e-06	0	9.94114e-05	0	0.000145411	0.000397523	1.31
12	1200	0.127094	61.2653	0.000215117	3.16571e-06	0	0.000102866	0	0.000150729	0.000515774	1.43
12	1200	0.125255	56.0117	0.000210651	3.28857e-06	0	0.000101114	2.85714e-09	0.000148317	0.000458049	1.42
12	1200	0.126867	58.6207	0.000216806	3.14857e-06	0	0.000103603	0	0.000152243	0.000498451	1.42
12	1200	0.130742	61.0642	0.00022148	3.32857e-06	0	0.0001056	0	0.000155383	0.000530603	1.42
12	1200	0.142914	60.8483	0.000234811	3.42857e-06	0	0.000111314	0	0.000164403	0.000593757	1.43
12	1200	0.135644	62.2047	0.000226817	3.26571e-06	0	0.000107863	0	0.000158774	0.000575471	1.43
12	1200	0.134425	60.9629	0.00021674	3.18857e-06	0	0.000103731	0	0.000152029	0.0005652	1.42
12	1200	0.121867	57.2193	0.000213706	3.34e-06	0	0.000102431	2.85714e-09	0.000149846	0.000463206	1.41
12	1200	0.131658	61.39	0.000220446	3.26e-06	0	0.000105117	0	0.000154749	0.000559614	1.42
12	1200	0.132331	58.6919	0.000218563	3.35714e-06	0	0.00010436	2.85714e-09	0.000153069	0.000535083	1.42
