N_THREADS	N_TRANSACTIONS	TIME	N_ABORTS	PROCESS_READ_TIME	PROCESS_WRITE_TIME	PROCESS_VALIDATION_TIME	PROCESS_OTHER_TIME	COMMIT_VALIDATION_TIME	COMMIT_OTHER_TIME	WASTED_TIME
1	4096	9.80032	0	6.16771e-05	0.000106089	0	0.00010038	7.05714e-07	2.24886e-05	2.44571e-06	10.29
1	4096	9.8055	0	6.19286e-05	0.0001067	0	0.000100526	6.77143e-07	2.24657e-05	2.45143e-06	10.22
1	4096	9.80544	0	6.19229e-05	0.000106683	0	0.000100529	6.8e-07	2.246e-05	2.44857e-06	10.23
1	4096	9.80858	0	6.20657e-05	0.000106931	0	0.000100651	6.65714e-07	2.24914e-05	2.44571e-06	10.22
1	4096	9.80833	0	6.22457e-05	0.00010708	0	0.000100623	6.51429e-07	2.24914e-05	2.45714e-06	10.23
1	4096	9.80704	0	6.20086e-05	0.000106883	0	0.000100583	6.68571e-07	2.24686e-05	2.44857e-06	10.22
1	4096	9.80679	0	6.20371e-05	0.000106926	0	0.000100569	6.65714e-07	2.24714e-05	2.45429e-06	10.23
1	4096	9.80723	0	6.20714e-05	0.000106986	0	0.000100566	6.65714e-07	2.24714e-05	2.45714e-06	10.22
1	4096	9.80748	0	6.21029e-05	0.00010702	0	0.000100563	6.62857e-07	2.24743e-05	2.46e-06	10.22
1	4096	9.80766	0	6.21057e-05	0.000107046	0	0.000100577	6.62857e-07	2.24743e-05	2.45429e-06	10.22
2	4096	4.91474	0.0244081	6.23229e-05	0.000107191	0	0.000100709	8.6e-07	2.25571e-05	2.47429e-06	5.40
2	4096	4.91502	0.0244081	6.23714e-05	0.000107223	0	0.000100723	8.65714e-07	2.25743e-05	2.47429e-06	5.34
2	4096	4.91501	0.0488043	6.23714e-05	0.000107229	0	0.000100734	8.54286e-07	2.25714e-05	2.47429e-06	5.34
2	4096	4.91497	0.0244081	6.238e-05	0.000107231	0	0.000100717	8.57143e-07	2.256e-05	2.47143e-06	5.35
2	4096	4.91443	0.0244081	6.218e-05	0.000107143	0	0.000100674	8.74286e-07	2.25314e-05	2.47143e-06	5.34
2	4096	4.91509	0.0244081	6.23771e-05	0.000107237	0	0.000100737	8.57143e-07	2.25829e-05	2.47714e-06	5.34
2	4096	4.91503	0.0244081	6.23771e-05	0.000107226	0	0.000100734	8.57143e-07	2.25686e-05	2.47143e-06	5.35
2	4096	4.91517	0.0244081	6.23829e-05	0.000107234	0	0.000100737	8.57143e-07	2.25971e-05	2.47714e-06	5.34
2	4096	4.91464	0	6.23057e-05	0.00010718	0	0.0001007	8.62857e-07	2.25457e-05	2.46857e-06	5.33
2	4096	4.9142	0.0731886	6.21514e-05	0.0001071	0	0.000100654	8.74286e-07	2.25314e-05	2.47429e-06	5.35
3	4096	3.28303	2.26676	6.18886e-05	0.000106503	0	0.000100571	9.97143e-07	2.254e-05	3.02857e-06	3.78
3	4096	3.28437	2.29008	6.21971e-05	0.000107166	0	0.000100726	9.62857e-07	2.25657e-05	3.04286e-06	3.72
3	4096	3.28473	2.15002	6.24e-05	0.0001073	0	0.000100754	9.31429e-07	2.25829e-05	3e-06	3.72
3	4096	3.28461	2.05643	6.242e-05	0.000107349	0	0.000100811	1.00857e-06	2.26171e-05	2.96571e-06	3.71
3	4096	3.28472	2.17339	6.24029e-05	0.000107277	0	0.000100766	9.45714e-07	2.25857e-05	3.00571e-06	3.72
3	4096	3.28278	2.12664	6.19371e-05	0.000106583	0	0.000100623	1.05143e-06	2.25686e-05	2.98571e-06	3.71
3	4096	3.28291	2.2201	6.18943e-05	0.000106451	0	0.00010058	9.74286e-07	2.25514e-05	3.01429e-06	3.71
3	4096	3.28455	2.15002	6.23314e-05	0.000107229	0	0.000100763	9.65714e-07	2.258e-05	3e-06	3.72
3	4096	3.28432	2.05643	6.23429e-05	0.00010726	0	0.000100786	1.01714e-06	2.25857e-05	2.95714e-06	3.72
3	4096	3.28463	2.24344	6.23371e-05	0.00010724	0	0.000100763	9.62857e-07	2.25743e-05	3.02857e-06	3.71
4	4096	2.4694	2.00957	6.24514e-05	0.000107431	0	0.000100923	1.27143e-06	2.26514e-05	3.01429e-06	2.98
4	4096	2.46942	2.10325	6.24657e-05	0.00010744	0	0.00010092	1.23714e-06	2.26714e-05	3.03429e-06	2.98
4	4096	2.46988	2.07985	6.25343e-05	0.000107551	0	0.000100983	1.45429e-06	2.26971e-05	3.04286e-06	2.98
4	4096	2.46975	2.07985	6.246e-05	0.000107466	0	0.000100897	1.22857e-06	2.26314e-05	3.00286e-06	2.98
4	4096	2.46955	2.00957	6.22771e-05	0.000107311	0	0.000100789	1.22857e-06	2.26314e-05	3.00857e-06	2.98
4	4096	2.46954	2.31338	6.23429e-05	0.000107426	0	0.000100846	1.42286e-06	2.26514e-05	3.07714e-06	2.97
4	4096	2.47004	2.52261	6.23486e-05	0.000107449	0	0.000100846	1.38e-06	2.26143e-05	3.11429e-06	2.99
4	4096	2.46916	2.17339	6.22571e-05	0.000107271	0	0.000100829	1.26857e-06	2.26371e-05	3.04286e-06	2.98
4	4096	2.46946	1.98612	6.22571e-05	0.000107306	0	0.000100789	1.22e-06	2.26286e-05	3.00571e-06	2.98
4	4096	2.46944	2.17339	6.226e-05	0.000107243	0	0.000100891	1.52286e-06	2.26371e-05	3.02857e-06	2.97
5	4096	1.98405	4.02999	6.26914e-05	0.000107826	0	0.000101146	1.78571e-06	2.27571e-05	3.56857e-06	2.67
5	4096	1.98243	3.71415	6.23629e-05	0.000107306	0	0.000101066	2.19714e-06	2.27686e-05	3.46571e-06	2.59
5	4096	1.98391	3.985	6.25057e-05	0.00010772	0	0.000101023	1.85429e-06	2.272e-05	3.56286e-06	2.59
5	4096	1.98236	4.11985	6.21629e-05	0.000106886	0	0.000100923	1.78286e-06	2.27686e-05	3.6e-06	2.59
5	4096	1.98375	3.93996	6.24657e-05	0.000107634	0	0.000101029	1.81714e-06	2.27229e-05	3.54857e-06	2.59
5	4096	1.98377	4.11985	6.25229e-05	0.000107737	0	0.000101051	1.81714e-06	2.27686e-05	3.58e-06	2.59
5	4096	1.98338	4.0974	6.26429e-05	0.000107926	0	0.000101163	2.14857e-06	2.28057e-05	3.52857e-06	2.59
5	4096	1.98385	3.91743	6.252e-05	0.000107731	0	0.00010106	1.78286e-06	2.27629e-05	3.53429e-06	2.59
5	4096	1.98347	4.02999	6.266e-05	0.00010802	0	0.00010116	2.24286e-06	2.27714e-05	3.52571e-06	2.59
5	4096	1.98336	3.89489	6.26571e-05	0.000107994	0	0.000101197	2.26e-06	2.27971e-05	3.48286e-06	2.60
6	4096	1.65666	5.07532	6.27057e-05	0.000108077	0	0.00010122	2.07714e-06	2.28229e-05	3.98571e-06	2.37
6	4096	1.65671	5.46965	6.26743e-05	0.000108023	0	0.000101237	2.05143e-06	2.28229e-05	4.12e-06	2.36
6	4096	1.65791	5.00928	6.25371e-05	0.000107806	0	0.000101114	1.93429e-06	2.27714e-05	4.01714e-06	2.36
6	4096	1.65816	5.70902	6.26086e-05	0.000107926	0	0.000101191	1.82857e-06	2.27943e-05	4.27429e-06	2.36
6	4096	1.65713	5.94719	6.27686e-05	0.000108209	0	0.000101251	2.16571e-06	2.28314e-05	4.20286e-06	2.37
6	4096	1.65719	4.52214	6.26771e-05	0.000108009	0	0.00010118	1.91429e-06	2.28171e-05	3.87429e-06	2.36
6	4096	1.65676	5.00928	6.274e-05	0.000108123	0	0.000101274	2.1e-06	2.286e-05	3.96857e-06	2.36
6	4096	1.6573	6.14115	6.26029e-05	0.000107917	0	0.000101194	2.18286e-06	2.284e-05	4.34571e-06	2.37
6	4096	1.65785	5.20713	6.28343e-05	0.000108077	0	0.000101237	1.83143e-06	2.28114e-05	4.10571e-06	2.36
6	4096	1.65768	6.03349	6.27229e-05	0.000108123	0	0.000101234	2.18e-06	2.282e-05	4.28571e-06	2.36
7	4096	1.42745	8.05836	6.30486e-05	0.000108671	0	0.000101574	3.04286e-06	2.29629e-05	5.00857e-06	2.30
7	4096	1.42511	7.99641	6.288e-05	0.00010838	0	0.000101483	2.52e-06	2.29629e-05	5.02e-06	2.23
7	4096	1.4248	7.16228	6.31114e-05	0.000108537	0	0.000101546	2.79143e-06	2.298e-05	4.69714e-06	2.22
7	4096	1.42743	6.69704	6.30629e-05	0.00010866	0	0.00010158	2.80571e-06	2.30029e-05	4.63429e-06	2.24
7	4096	1.42756	7.49774	6.30714e-05	0.000108697	0	0.000101577	3.20857e-06	2.30229e-05	4.79429e-06	2.24
7	4096	1.42534	8.24373	6.29914e-05	0.000108543	0	0.000101534	2.90857e-06	2.29914e-05	4.95714e-06	2.23
7	4096	1.42679	7.58123	6.29714e-05	0.000108517	0	0.000101517	2.69429e-06	2.29657e-05	4.85143e-06	2.23
7	4096	1.42795	5.99036	6.324e-05	0.000108757	0	0.000101609	2.76286e-06	2.30086e-05	4.44571e-06	2.23
7	4096	1.42716	8.44882	6.32e-05	0.000108669	0	0.000101574	2.71143e-06	2.30086e-05	5.11714e-06	2.23
7	4096	1.42705	6.61195	6.31686e-05	0.000108689	0	0.000101637	2.76e-06	2.29686e-05	4.58286e-06	2.22
8	4096	1.25084	11.8381	6.30914e-05	0.000108517	0	0.000101783	3.61143e-06	2.32429e-05	6.51714e-06	2.15
8	4096	1.25045	10.3327	6.29486e-05	0.000108217	0	0.000101703	3.41714e-06	2.32029e-05	5.95714e-06	2.16
8	4096	1.24962	10.0176	6.29429e-05	0.000108197	0	0.000101706	3.61143e-06	2.31914e-05	5.93143e-06	2.15
8	4096	1.25059	10.5286	6.29971e-05	0.000108297	0	0.000101754	3.41143e-06	2.32114e-05	6.04e-06	2.15
8	4096	1.24941	10.2542	6.29571e-05	0.000108257	0	0.000101714	3.52571e-06	2.31971e-05	5.95143e-06	2.16
8	4096	1.24976	10.5091	6.29886e-05	0.000108263	0	0.00010174	3.44857e-06	2.318e-05	6.13143e-06	2.16
8	4096	1.25108	12.0841	6.32743e-05	0.000108837	0	0.000101994	4.27714e-06	2.33086e-05	6.54e-06	2.16
8	4096	1.24985	10.8014	6.29857e-05	0.000108294	0	0.00010172	3.51714e-06	2.32171e-05	6.09143e-06	2.15
8	4096	1.24988	9.89881	6.28686e-05	0.000108074	0	0.00010164	3.34571e-06	2.31886e-05	5.86286e-06	2.16
8	4096	1.25043	9.91863	6.30057e-05	0.000108329	0	0.000101763	3.87429e-06	2.324e-05	5.77429e-06	2.16
9	4096	1.1226	21.3669	6.42e-05	0.000110646	0	0.000102834	1.142e-05	2.40571e-05	9.01143e-06	2.20
9	4096	1.12126	22.1737	6.38457e-05	0.000109903	0	0.000102566	1.13086e-05	2.40457e-05	9.42571e-06	2.12
9	4096	1.12329	22.5855	6.43686e-05	0.000111	0	0.000102951	1.16057e-05	2.40971e-05	9.75143e-06	2.13
9	4096	1.12373	22.993	6.398e-05	0.000110166	0	0.000102697	1.11857e-05	2.404e-05	1.00114e-05	2.13
9	4096	1.12173	21.4272	6.39829e-05	0.000110186	0	0.00010272	1.11543e-05	2.39971e-05	9.22286e-06	2.12
9	4096	1.1222	21.4121	6.398e-05	0.000110186	0	0.000102706	1.11886e-05	2.404e-05	9.21143e-06	2.12
9	4096	1.12242	21.8321	6.40771e-05	0.000110331	0	0.000102791	1.13486e-05	2.406e-05	9.42857e-06	2.13
9	4096	1.12201	21.4573	6.41457e-05	0.000110657	0	0.000102834	1.15686e-05	2.40543e-05	9.23429e-06	2.12
9	4096	1.12186	21.4874	6.39771e-05	0.000110166	0	0.000102711	1.14629e-05	2.40743e-05	9.16857e-06	2.12
9	4096	1.12433	23.0509	6.442e-05	0.000110986	0	0.000102929	1.18371e-05	2.41143e-05	9.65714e-06	2.13
10	4096	1.01826	30.0307	6.54143e-05	0.000112897	0	0.000104074	1.58371e-05	2.44e-05	1.32429e-05	2.20
10	4096	1.01828	28.9875	6.54343e-05	0.00011292	0	0.000104094	1.54886e-05	2.43543e-05	1.28571e-05	2.12
10	4096	1.01797	30.7406	6.53371e-05	0.000112711	0	0.000103977	1.56971e-05	2.43543e-05	1.35543e-05	2.13
10	4096	1.01977	31.5851	6.57514e-05	0.000113503	0	0.0001044	1.52429e-05	2.45343e-05	1.41829e-05	2.13
10	4096	1.01739	29.3184	6.52543e-05	0.000112551	0	0.00010392	1.60114e-05	2.43343e-05	1.28257e-05	2.11
10	4096	1.0202	32.3758	6.55914e-05	0.00011318	0	0.000104214	1.56429e-05	2.44743e-05	1.45571e-05	2.12
10	4096	1.01742	30.7757	6.53429e-05	0.0001127	0	0.000103991	1.55e-05	2.42914e-05	1.376e-05	2.13
10	4096	1.01859	30.8108	6.568e-05	0.000113349	0	0.000104291	1.58371e-05	2.44971e-05	1.37971e-05	2.11
10	4096	1.0185	30.5998	6.58057e-05	0.000113649	0	0.000104309	1.52229e-05	2.44e-05	1.33457e-05	2.13
10	4096	1.01822	29.4644	6.55343e-05	0.00011306	0	0.000104157	1.58629e-05	2.44514e-05	1.29743e-05	2.13
11	4096	0.935903	38.3875	6.69171e-05	0.000115626	0	0.000105374	1.62429e-05	2.47229e-05	1.95771e-05	2.13
11	4096	0.935475	36.8194	6.69286e-05	0.000115663	0	0.000105494	1.64371e-05	2.48457e-05	1.85029e-05	2.14
11	4096	0.935014	37.4752	6.69657e-05	0.00011572	0	0.0001055	1.64829e-05	2.484e-05	1.898e-05	2.14
11	4096	0.934024	36.2391	6.68257e-05	0.000115451	0	0.000105351	1.63771e-05	2.46657e-05	1.79114e-05	2.13
11	4096	0.933878	36.6435	6.708e-05	0.000115949	0	0.000105563	1.60086e-05	2.47371e-05	1.83686e-05	2.14
11	4096	0.934265	34.1373	6.65e-05	0.000114883	0	0.000105106	1.66714e-05	2.462e-05	1.67829e-05	2.14
11	4096	0.934339	37.2453	6.70571e-05	0.000115889	0	0.00010548	1.62314e-05	2.47543e-05	1.88114e-05	2.13
11	4096	0.933238	34.6209	6.66686e-05	0.000115171	0	0.00010518	1.66143e-05	2.46514e-05	1.66457e-05	2.13
11	4096	0.935415	35.2513	6.68114e-05	0.000115403	0	0.000105354	1.65171e-05	2.47714e-05	1.74714e-05	2.14
11	4096	0.933394	35.2616	6.65686e-05	0.000115029	0	0.000105177	1.67457e-05	2.47229e-05	1.72771e-05	2.14
12	4096	0.896872	38.3689	6.98571e-05	0.000120391	0	0.000110897	1.78714e-05	2.55171e-05	2.03086e-05	2.20
12	4096	0.896759	40.4738	6.986e-05	0.000120383	0	0.00011082	1.77114e-05	2.55743e-05	2.212e-05	2.18
12	4096	0.895527	38.0801	6.98286e-05	0.000120254	0	0.00011078	1.76171e-05	2.55571e-05	1.99171e-05	2.19
12	4096	0.898402	40.3785	7.01171e-05	0.000120809	0	0.000110897	1.768e-05	2.55971e-05	2.20629e-05	2.20
12	4096	0.898161	41.5024	6.97971e-05	0.000120237	0	0.000110786	1.77543e-05	2.554e-05	2.30229e-05	2.20
12	4096	0.896726	38.4893	6.99257e-05	0.000120477	0	0.000110886	1.80686e-05	2.55971e-05	2.06257e-05	2.20
12	4096	0.898024	39.7558	7.00514e-05	0.000120677	0	0.000110914	1.76229e-05	2.55971e-05	2.15171e-05	2.20
12	4096	0.897985	41.8512	7.01029e-05	0.000120757	0	0.000111003	1.74771e-05	2.566e-05	2.37457e-05	2.19
12	4096	0.898036	41.1325	7.02514e-05	0.000121	0	0.000111071	1.73257e-05	2.56914e-05	2.288e-05	2.20
12	4096	0.898516	40.4651	6.99514e-05	0.000120454	0	0.000110831	1.77057e-05	2.56086e-05	2.23e-05	2.21
