N_THREADS	N_TRANSACTIONS	TIME	N_ABORTS	PROCESS_READ_TIME	PROCESS_WRITE_TIME	PROCESS_VALIDATION_TIME	PROCESS_OTHER_TIME	COMMIT_VALIDATION_TIME	COMMIT_OTHER_TIME	WASTED_TIME
1	4096	9.0089	0	1.46371e-05	2.26657e-05	0	6.17086e-05	3.45714e-07	5.32e-06	1.16286e-06
1	4096	9.00705	0	1.46343e-05	2.26629e-05	0	6.16943e-05	3.45714e-07	5.32e-06	1.16571e-06
1	4096	9.00842	0	1.464e-05	2.26657e-05	0	6.17029e-05	3.45714e-07	5.32e-06	1.16286e-06
1	4096	9.00835	0	1.46371e-05	2.26657e-05	0	6.17e-05	3.45714e-07	5.32e-06	1.16286e-06
1	4096	9.00827	0	1.464e-05	2.26657e-05	0	6.17e-05	3.42857e-07	5.32286e-06	1.16286e-06
1	4096	9.00914	0	1.464e-05	2.26686e-05	0	6.17086e-05	3.45714e-07	5.32e-06	1.16286e-06
1	4096	9.00845	0	1.46371e-05	2.26686e-05	0	6.17029e-05	3.45714e-07	5.32e-06	1.16286e-06
1	4096	9.00847	0	1.46371e-05	2.26657e-05	0	6.17029e-05	3.45714e-07	5.32e-06	1.16286e-06
1	4096	9.00834	0	1.46371e-05	2.26657e-05	0	6.17e-05	3.45714e-07	5.32e-06	1.16286e-06
1	4096	9.00825	0	1.46371e-05	2.26657e-05	0	6.17e-05	3.45714e-07	5.32e-06	1.16286e-06
2	4096	4.51247	0.14627	1.46371e-05	2.26657e-05	0	6.17e-05	4.42857e-07	5.32286e-06	1.16857e-06
2	4096	4.51245	0.170607	1.46343e-05	2.26629e-05	0	6.17057e-05	4.51429e-07	5.32e-06	1.16857e-06
2	4096	4.51246	0.097561	1.46343e-05	2.26629e-05	0	6.17057e-05	4.48571e-07	5.32e-06	1.16571e-06
2	4096	4.51245	0.14627	1.46371e-05	2.26657e-05	0	6.17e-05	4.51429e-07	5.32e-06	1.16571e-06
2	4096	4.51244	0.121921	1.46343e-05	2.26657e-05	0	6.17029e-05	4.51429e-07	5.31714e-06	1.16571e-06
2	4096	4.51244	0.14627	1.46343e-05	2.26629e-05	0	6.17057e-05	4.48571e-07	5.32e-06	1.16857e-06
2	4096	4.51224	0.170607	1.46343e-05	2.26629e-05	0	6.17e-05	4.51429e-07	5.32e-06	1.16857e-06
2	4096	4.51214	0.097561	1.46343e-05	2.26629e-05	0	6.17e-05	4.48571e-07	5.32e-06	1.16571e-06
2	4096	4.51264	0.170607	1.46343e-05	2.26657e-05	0	6.17086e-05	4.48571e-07	5.32e-06	1.16857e-06
2	4096	4.51266	0.14627	1.46371e-05	2.26657e-05	0	6.17057e-05	4.4e-07	5.32286e-06	1.16571e-06
3	4096	3.01375	1.0628	1.46343e-05	2.266e-05	0	6.16971e-05	4.77143e-07	5.32e-06	1.28286e-06
3	4096	3.01431	0.895233	1.46343e-05	2.26657e-05	0	6.17114e-05	4.34286e-07	5.32e-06	1.27143e-06
3	4096	3.01419	1.08669	1.46343e-05	2.266e-05	0	6.17143e-05	4.94286e-07	5.32e-06	1.28571e-06
3	4096	3.01421	1.08669	1.46343e-05	2.26657e-05	0	6.17086e-05	4.97143e-07	5.32e-06	1.28571e-06
3	4096	3.01439	1.11057	1.46343e-05	2.26657e-05	0	6.17143e-05	4.88571e-07	5.32e-06	1.28571e-06
3	4096	3.0143	0.895233	1.46371e-05	2.266e-05	0	6.17114e-05	4.34286e-07	5.32286e-06	1.27143e-06
3	4096	3.0135	1.11057	1.46314e-05	2.266e-05	0	6.16914e-05	4.82857e-07	5.32e-06	1.28857e-06
3	4096	3.01406	0.871249	1.46371e-05	2.266e-05	0	6.17029e-05	4.22857e-07	5.32286e-06	1.27143e-06
3	4096	3.01422	0.871249	1.46371e-05	2.26657e-05	0	6.17029e-05	4.25714e-07	5.32e-06	1.27143e-06
3	4096	3.01432	1.08669	1.46371e-05	2.26657e-05	0	6.17114e-05	4.74286e-07	5.32e-06	1.28286e-06
4	4096	2.26548	1.91571	1.46314e-05	2.26629e-05	0	6.17114e-05	6.25714e-07	5.31714e-06	1.35429e-06
4	4096	2.26508	1.98612	1.46286e-05	2.26629e-05	0	6.16943e-05	6.02857e-07	5.31714e-06	1.36286e-06
4	4096	2.2655	2.24344	1.46314e-05	2.26629e-05	0	6.17114e-05	6e-07	5.31714e-06	1.38286e-06
4	4096	2.26513	2.10325	1.46286e-05	2.266e-05	0	6.17e-05	6.08571e-07	5.31429e-06	1.36286e-06
4	4096	2.2655	1.72745	1.46314e-05	2.26629e-05	0	6.17086e-05	6.62857e-07	5.31714e-06	1.33143e-06
4	4096	2.26545	1.91571	1.464e-05	2.26629e-05	0	6.17e-05	6.05714e-07	5.32e-06	1.36286e-06
4	4096	2.26539	1.91571	1.46314e-05	2.26629e-05	0	6.17057e-05	6.08571e-07	5.32e-06	1.36286e-06
4	4096	2.26562	1.89222	1.46343e-05	2.26629e-05	0	6.17114e-05	6.14286e-07	5.32e-06	1.34857e-06
4	4096	2.26498	1.91571	1.46314e-05	2.26629e-05	0	6.17114e-05	6.6e-07	5.31714e-06	1.34e-06
4	4096	2.26559	1.77458	1.46314e-05	2.26629e-05	0	6.17143e-05	6.57143e-07	5.32e-06	1.34571e-06
5	4096	1.81785	2.33667	1.46314e-05	2.26629e-05	0	6.17029e-05	7.54286e-07	5.32286e-06	1.41714e-06
5	4096	1.81769	2.35995	1.46314e-05	2.266e-05	0	6.16943e-05	7.4e-07	5.32e-06	1.40857e-06
5	4096	1.81786	2.35995	1.46314e-05	2.26629e-05	0	6.17e-05	7.45714e-07	5.32286e-06	1.42e-06
5	4096	1.81764	2.40648	1.46314e-05	2.266e-05	0	6.16943e-05	7.6e-07	5.32e-06	1.42e-06
5	4096	1.81803	2.33667	1.46343e-05	2.26629e-05	0	6.17057e-05	7.37143e-07	5.32e-06	1.4e-06
5	4096	1.81771	2.5458	1.46314e-05	2.266e-05	0	6.17029e-05	7.28571e-07	5.31714e-06	1.42857e-06
5	4096	1.81793	2.40648	1.46314e-05	2.26629e-05	0	6.17086e-05	7.4e-07	5.32286e-06	1.41429e-06
5	4096	1.81808	2.47619	1.46314e-05	2.26629e-05	0	6.17171e-05	7.4e-07	5.32286e-06	1.42286e-06
5	4096	1.81785	2.35995	1.46314e-05	2.26629e-05	0	6.17029e-05	7.57143e-07	5.32e-06	1.41429e-06
5	4096	1.81728	2.31338	1.46286e-05	2.26486e-05	0	6.16886e-05	7.54286e-07	5.32286e-06	1.40286e-06
6	4096	1.51612	3.60085	1.462e-05	2.26343e-05	0	6.16629e-05	9.11429e-07	5.31714e-06	1.59714e-06
6	4096	1.51647	4.18713	1.462e-05	2.26371e-05	0	6.16543e-05	8.68571e-07	5.32e-06	1.65429e-06
6	4096	1.5161	3.57815	1.462e-05	2.26371e-05	0	6.16543e-05	9.25714e-07	5.31714e-06	1.59429e-06
6	4096	1.51605	4.45533	1.46171e-05	2.26371e-05	0	6.16629e-05	8.4e-07	5.31429e-06	1.69143e-06
6	4096	1.51628	4.67768	1.462e-05	2.26371e-05	0	6.16657e-05	8.57143e-07	5.31714e-06	1.71143e-06
6	4096	1.51609	4.43304	1.462e-05	2.264e-05	0	6.16571e-05	8.42857e-07	5.32e-06	1.70571e-06
6	4096	1.5164	4.05247	1.462e-05	2.26343e-05	0	6.166e-05	7.85714e-07	5.31714e-06	1.64857e-06
6	4096	1.51604	4.41074	1.462e-05	2.26343e-05	0	6.16629e-05	8.48571e-07	5.31714e-06	1.68571e-06
6	4096	1.51607	4.49988	1.462e-05	2.26343e-05	0	6.16629e-05	8.31429e-07	5.32e-06	1.68857e-06
6	4096	1.51607	4.2767	1.462e-05	2.26343e-05	0	6.16629e-05	8.54286e-07	5.31143e-06	1.66e-06
7	4096	1.3033	5.90397	1.46143e-05	2.26457e-05	0	6.16571e-05	1.04571e-06	5.31714e-06	1.86571e-06
7	4096	1.3028	5.40416	1.46143e-05	2.26457e-05	0	6.16571e-05	1.05143e-06	5.31714e-06	1.84857e-06
7	4096	1.30271	6.09812	1.462e-05	2.26429e-05	0	6.16543e-05	1.04857e-06	5.32286e-06	1.92571e-06
7	4096	1.30293	6.01193	1.46171e-05	2.26429e-05	0	6.16543e-05	1.04857e-06	5.31714e-06	1.90286e-06
7	4096	1.30272	6.03349	1.46143e-05	2.26429e-05	0	6.166e-05	1.02571e-06	5.31429e-06	1.93714e-06
7	4096	1.30283	5.05331	1.462e-05	2.26429e-05	0	6.16486e-05	1.04286e-06	5.32e-06	1.84e-06
7	4096	1.30331	5.79577	1.462e-05	2.26429e-05	0	6.16514e-05	9.57143e-07	5.32286e-06	1.91714e-06
7	4096	1.30326	5.88235	1.462e-05	2.26429e-05	0	6.16571e-05	9.85714e-07	5.32e-06	1.90857e-06
7	4096	1.30323	6.14115	1.46143e-05	2.26457e-05	0	6.166e-05	1.04571e-06	5.31429e-06	1.88571e-06
7	4096	1.30264	6.41992	1.46171e-05	2.26457e-05	0	6.16543e-05	9.97143e-07	5.31429e-06	1.98e-06
8	4096	1.14075	7.70617	1.46143e-05	2.26286e-05	0	6.16743e-05	1.17714e-06	5.31714e-06	2.14571e-06
8	4096	1.14083	8.26428	1.46143e-05	2.26314e-05	0	6.16771e-05	1.00571e-06	5.32e-06	2.21143e-06
8	4096	1.14075	7.83078	1.46171e-05	2.26286e-05	0	6.16686e-05	1.04857e-06	5.31429e-06	2.16571e-06
8	4096	1.14085	7.66456	1.46143e-05	2.26286e-05	0	6.16686e-05	1.26857e-06	5.32e-06	2.08857e-06
8	4096	1.14091	8.09962	1.46114e-05	2.26314e-05	0	6.16743e-05	1.31143e-06	5.32e-06	2.16857e-06
8	4096	1.14083	7.5395	1.46229e-05	2.26314e-05	0	6.16657e-05	1.14571e-06	5.31143e-06	2.11714e-06
8	4096	1.14092	8.12023	1.46143e-05	2.26343e-05	0	6.16714e-05	1.08857e-06	5.32286e-06	2.19429e-06
8	4096	1.14087	7.76852	1.46114e-05	2.26286e-05	0	6.16743e-05	1.11714e-06	5.32286e-06	2.13714e-06
8	4096	1.14083	7.56037	1.46171e-05	2.26286e-05	0	6.16686e-05	1.08857e-06	5.31714e-06	2.13714e-06
8	4096	1.141	7.85152	1.46229e-05	2.26314e-05	0	6.16657e-05	1.16e-06	5.31714e-06	2.16857e-06
9	4096	1.01797	9.81946	1.46229e-05	2.26343e-05	0	6.16629e-05	1.38857e-06	5.31143e-06	2.45429e-06
9	4096	1.01847	9.93843	1.46143e-05	2.26343e-05	0	6.166e-05	1.39714e-06	5.32e-06	2.50857e-06
9	4096	1.01839	10.2148	1.46114e-05	2.26343e-05	0	6.16657e-05	1.41143e-06	5.31429e-06	2.50857e-06
9	4096	1.01789	10.9372	1.46171e-05	2.26343e-05	0	6.166e-05	1.44857e-06	5.31429e-06	2.55714e-06
9	4096	1.01768	10.7042	1.46171e-05	2.26343e-05	0	6.16657e-05	1.30286e-06	5.31714e-06	2.65714e-06
9	4096	1.01742	9.81946	1.46114e-05	2.26343e-05	0	6.16686e-05	1.34571e-06	5.32e-06	2.44286e-06
9	4096	1.0179	10.1951	1.46114e-05	2.26343e-05	0	6.16686e-05	1.28857e-06	5.31714e-06	2.54e-06
9	4096	1.01805	9.87899	1.46114e-05	2.26343e-05	0	6.16629e-05	1.43143e-06	5.31429e-06	2.44286e-06
9	4096	1.01823	10.2738	1.46114e-05	2.26343e-05	0	6.16686e-05	1.33429e-06	5.32e-06	2.56857e-06
9	4096	1.01809	10.4699	1.46114e-05	2.26343e-05	0	6.16629e-05	1.54571e-06	5.31429e-06	2.56857e-06
10	4096	0.917087	11.6098	1.46114e-05	2.26343e-05	0	6.16629e-05	1.61143e-06	5.31429e-06	2.69429e-06
10	4096	0.917015	11.5526	1.46114e-05	2.26343e-05	0	6.16714e-05	1.68857e-06	5.31714e-06	2.74e-06
10	4096	0.917347	11.8381	1.46171e-05	2.26343e-05	0	6.16629e-05	1.61143e-06	5.32e-06	2.71714e-06
10	4096	0.917068	11.5717	1.46114e-05	2.26343e-05	0	6.16686e-05	1.74286e-06	5.31714e-06	2.68e-06
10	4096	0.917149	11.3995	1.46143e-05	2.26343e-05	0	6.16629e-05	1.62286e-06	5.32e-06	2.64857e-06
10	4096	0.917158	11.6861	1.46143e-05	2.26343e-05	0	6.16686e-05	1.61143e-06	5.31429e-06	2.66857e-06
10	4096	0.917183	11.7051	1.46114e-05	2.26343e-05	0	6.16657e-05	1.55429e-06	5.32e-06	2.71143e-06
10	4096	0.91719	12.1784	1.46114e-05	2.26343e-05	0	6.16657e-05	1.50857e-06	5.32571e-06	2.78571e-06
10	4096	0.917088	11.8571	1.46143e-05	2.26343e-05	0	6.16629e-05	1.62286e-06	5.32286e-06	2.71714e-06
10	4096	0.916993	11.8002	1.46143e-05	2.26343e-05	0	6.16629e-05	1.52e-06	5.32e-06	2.72857e-06
11	4096	0.83616	14.8795	1.46143e-05	2.26229e-05	0	6.16714e-05	1.90571e-06	5.31714e-06	3.36857e-06
11	4096	0.836778	14.2379	1.46e-05	2.26343e-05	0	6.168e-05	1.74286e-06	5.31714e-06	3.27143e-06
11	4096	0.836564	13.9857	1.46086e-05	2.262e-05	0	6.168e-05	1.66286e-06	5.31429e-06	3.22857e-06
11	4096	0.836787	13.0546	1.46057e-05	2.26286e-05	0	6.16829e-05	1.77714e-06	5.31714e-06	3.02286e-06
11	4096	0.836418	14.4707	1.46114e-05	2.262e-05	0	6.16771e-05	1.54857e-06	5.31429e-06	3.37143e-06
11	4096	0.836739	14.094	1.46057e-05	2.262e-05	0	6.168e-05	1.64857e-06	5.31429e-06	3.29143e-06
11	4096	0.83667	13.1836	1.46143e-05	2.262e-05	0	6.16714e-05	1.54571e-06	5.31429e-06	3.15429e-06
11	4096	0.836659	15.2318	1.46114e-05	2.26257e-05	0	6.16686e-05	1.73714e-06	5.31143e-06	3.37143e-06
11	4096	0.836091	15.1616	1.46086e-05	2.26229e-05	0	6.16857e-05	1.86571e-06	5.31429e-06	3.37143e-06
11	4096	0.836304	14.3096	1.46114e-05	2.26257e-05	0	6.16686e-05	1.6e-06	5.31714e-06	3.4e-06
12	4096	0.836214	16.731	1.59257e-05	2.46743e-05	0	6.72143e-05	2.11143e-06	5.79143e-06	4.06e-06
12	4096	0.835011	16.2715	1.59286e-05	2.46743e-05	0	6.72143e-05	2.41429e-06	5.79429e-06	3.94571e-06
12	4096	0.835334	16.2201	1.59286e-05	2.46743e-05	0	6.72257e-05	2.13714e-06	5.79143e-06	3.96571e-06
12	4096	0.835824	16.5784	1.59286e-05	2.46743e-05	0	6.72229e-05	2.11143e-06	5.79429e-06	4.01429e-06
12	4096	0.835607	16.1858	1.59229e-05	2.46743e-05	0	6.722e-05	1.96571e-06	5.80286e-06	4.06286e-06
12	4096	0.835445	16.9505	1.59257e-05	2.46743e-05	0	6.72257e-05	1.99714e-06	5.78857e-06	4.11429e-06
12	4096	0.836214	17.2358	1.59286e-05	2.46743e-05	0	6.72171e-05	2.26857e-06	5.78857e-06	4.1e-06
12	4096	0.835696	17.2358	1.59314e-05	2.46743e-05	0	6.72257e-05	2.14571e-06	5.79429e-06	4.15143e-06
12	4096	0.835766	16.4252	1.592e-05	2.46743e-05	0	6.72257e-05	1.94286e-06	5.79714e-06	4.08286e-06
12	4096	0.83538	17.0346	1.59286e-05	2.46743e-05	0	6.72171e-05	2.05143e-06	5.8e-06	4.16286e-06
