N_THREADS	N_TRANSACTIONS	TIME	N_ABORTS	PROCESS_READ_TIME	PROCESS_WRITE_TIME	PROCESS_VALIDATION_TIME	PROCESS_OTHER_TIME	COMMIT_VALIDATION_TIME	COMMIT_OTHER_TIME	WASTED_TIME
1	192	1.99823	0	0.000116526	0.00010256	0	0.010021	2.11429e-07	0.000140703	2.41429e-06	2.48
1	192	1.99825	0	0.000116529	0.000102523	0	0.010021	2.11429e-07	0.000140749	2.40571e-06	2.41
1	192	1.99913	0	0.000115729	0.000101849	0	0.010028	2.17143e-07	0.000139863	2.40571e-06	2.41
1	192	1.9985	0	0.000116494	0.000102543	0	0.0100224	2.14286e-07	0.000140729	2.41714e-06	2.41
1	192	1.99734	0	0.000117326	0.000103114	0	0.0100143	2.14286e-07	0.000141346	2.40286e-06	2.42
1	192	1.99701	0	0.000117451	0.000103254	0	0.0100123	2.17143e-07	0.000141391	2.42571e-06	2.40
1	192	1.99794	0	0.000117194	0.000102989	0	0.0100179	2.11429e-07	0.000141151	2.43143e-06	2.41
1	192	1.99809	0	0.000117151	0.000103077	0	0.0100187	2.14286e-07	0.000141066	2.41429e-06	2.41
1	192	1.99801	0	0.000117294	0.000103189	0	0.0100179	2.11429e-07	0.000141217	2.41714e-06	2.41
1	192	1.99805	0	0.000117317	0.000103137	0	0.0100182	2.14286e-07	0.000141197	2.42571e-06	2.41
2	192	1.36719	10.6977	0.000117189	0.000102566	0	0.0113638	2.17143e-07	0.000143483	0.00246224	1.78
2	192	1.36744	13.5135	0.000116994	0.00010242	0	0.0113643	2.2e-07	0.000143346	0.00246448	1.78
2	192	1.36766	13.9013	0.000116969	0.000102343	0	0.0113663	2.14286e-07	0.000143443	0.00246505	1.80
2	192	1.36719	10.6977	0.000116974	0.000102354	0	0.0113639	2.17143e-07	0.000143383	0.00246237	1.79
2	192	1.36732	13.9013	0.000116994	0.000102337	0	0.0113634	2.17143e-07	0.00014342	0.00246506	1.79
2	192	1.36726	10.6977	0.000116949	0.00010244	0	0.0113646	2.17143e-07	0.000143466	0.00246214	1.79
2	192	1.36736	13.9013	0.000116989	0.000102377	0	0.0113633	2.17143e-07	0.000143343	0.00246491	1.79
2	192	1.36726	13.5135	0.000116949	0.000102366	0	0.0113633	2.14286e-07	0.000143414	0.00246436	1.79
2	192	1.36718	10.6977	0.00011688	0.000102363	0	0.0113639	2.17143e-07	0.000143411	0.00246206	1.79
2	192	1.36782	16.8831	0.000117034	0.000102289	0	0.0113644	2.17143e-07	0.000143437	0.00246865	1.79
3	192	1.11181	17.9487	0.000110526	9.49e-05	0	0.0116138	2.14286e-07	0.000136126	0.00533879	1.60
3	192	1.12192	18.6441	0.000110551	9.49886e-05	0	0.0116098	2.11429e-07	0.000136331	0.00549178	1.54
3	192	1.11178	17.9487	0.000110303	9.49571e-05	0	0.0116118	2.14286e-07	0.00013616	0.00533943	1.55
3	192	1.1117	22.5806	0.000110231	9.476e-05	0	0.0116082	2.14286e-07	0.00013614	0.0053459	1.53
3	192	1.11141	20.9877	0.00011024	9.472e-05	0	0.0116075	2.08571e-07	0.000136249	0.00534329	1.54
3	192	1.12195	21.6327	0.000110666	9.51257e-05	0	0.0116083	2.14286e-07	0.000136366	0.00549555	1.55
3	192	1.11185	18.6441	0.000110346	9.47829e-05	0	0.0116135	2.08571e-07	0.000136143	0.00533975	1.54
3	192	1.12256	23.8095	0.000110594	9.50229e-05	0	0.0116093	2.14286e-07	0.000136054	0.00549835	1.55
3	192	1.12207	20.9877	0.000110663	9.50886e-05	0	0.0116095	2.17143e-07	0.000136203	0.00549498	1.55
3	192	1.11106	16.5217	0.00011018	9.47571e-05	0	0.0116079	2.11429e-07	0.00013624	0.00533725	1.54
4	192	1.06557	27.2727	0.000133837	0.000115943	0	0.0132457	2.11429e-07	0.000165166	0.00841982	1.58
4	192	1.06533	25.5814	0.000133377	0.00011586	0	0.0132334	2.17143e-07	0.000165191	0.00841795	1.57
4	192	1.06517	25	0.000134009	0.0001161	0	0.0132455	2.17143e-07	0.0001652	0.00841361	1.56
4	192	1.06502	23.506	0.000133786	0.0001159	0	0.0132403	2.11429e-07	0.000165126	0.00841145	1.57
4	192	1.0651	25	0.000133577	0.000115726	0	0.0132328	2.17143e-07	0.000165266	0.00841494	1.57
4	192	1.0653	23.8095	0.000133723	0.000116026	0	0.0132413	2.17143e-07	0.000165226	0.00841366	1.56
4	192	1.06566	27.2727	0.000133837	0.000116029	0	0.0132468	2.17143e-07	0.000165283	0.00841901	1.56
4	192	1.06546	30.9353	0.000133363	0.000115814	0	0.0132323	2.2e-07	0.00016526	0.0084276	1.57
4	192	1.06541	26.1538	0.000133831	0.000116046	0	0.0132432	2.2e-07	0.000165069	0.00841726	1.57
4	192	1.0655	27.2727	0.000133894	0.000116071	0	0.0132458	2.11429e-07	0.00016508	0.00841941	1.57
5	192	1.02168	58.4416	0.000148174	0.000126954	0	0.0148075	2.17143e-07	0.00018538	0.01117	1.62
5	192	1.00857	52.1197	0.000152243	0.000131329	0	0.0143887	2.11429e-07	0.000189903	0.0112228	1.62
5	192	1.01295	49.2063	0.000147489	0.000126823	0	0.0146611	2.11429e-07	0.000185697	0.0110747	1.62
5	192	1.02008	47.541	0.000147454	0.000126577	0	0.0148139	2.11429e-07	0.000185249	0.0111092	1.61
5	192	1.014	43.8596	0.000147934	0.000127369	0	0.0148105	2.11429e-07	0.000186111	0.0109436	1.62
5	192	1.02802	56.4626	0.000139529	0.000119106	0	0.0157108	2.08571e-07	0.000174863	0.0103693	1.63
5	192	1.00551	28.6245	0.000152163	0.000131409	0	0.0143899	2.14286e-07	0.000190117	0.0111416	1.61
5	192	1.02631	68.6275	0.000147	0.000126477	0	0.0148156	2.11429e-07	0.000185534	0.0112751	1.64
5	192	1.02437	65.0909	0.000146874	0.00012622	0	0.0146037	2.14286e-07	0.000183709	0.0114459	1.63
5	192	1.01722	65.0273	0.000147209	0.000126814	0	0.014659	2.17143e-07	0.000185669	0.0111875	1.62
6	192	1.21978	63.8418	0.000178506	0.000153951	0	0.0170735	2.11429e-07	0.000223794	0.0195914	1.91
6	192	1.24111	70.997	0.000176603	0.000151666	0	0.0173596	2.11429e-07	0.000223297	0.0198249	1.93
6	192	1.21728	63.0058	0.000178354	0.00015382	0	0.0173543	2.11429e-07	0.000224729	0.0192689	1.92
6	192	1.22029	70.8207	0.000178289	0.000153931	0	0.0173484	2.11429e-07	0.000224243	0.0193714	1.93
6	192	1.22341	75.5725	0.000178649	0.000153931	0	0.0173531	2.14286e-07	0.000224494	0.0194646	1.93
6	192	1.21287	39.6226	0.0001784	0.000153789	0	0.0173577	2.17143e-07	0.00022454	0.0191231	1.92
6	192	1.22418	67.1233	0.000170926	0.000146543	0	0.0169802	2.08571e-07	0.00021536	0.0199267	1.93
6	192	1.22611	76.6707	0.000178511	0.000153829	0	0.0170699	2.14286e-07	0.0002239	0.0198039	1.93
6	192	1.21576	58.5313	0.000178231	0.00015362	0	0.0173626	2.11429e-07	0.000224403	0.0191749	1.92
6	192	1.21829	68.1592	0.000178874	0.000154174	0	0.017338	2.08571e-07	0.000224649	0.0193235	1.92
7	192	1.20465	72.843	0.000186377	0.00015834	0	0.020333	2.05714e-07	0.000235289	0.0226104	2.08
7	192	1.2091	78.5714	0.000186069	0.000158157	0	0.0203337	2.05714e-07	0.000235534	0.0227708	2.01
7	192	1.20326	82.6087	0.00021032	0.000182043	0	0.0200842	2e-07	0.000262617	0.0225501	2.00
7	192	1.19348	71.1712	0.000210611	0.000181946	0	0.0200825	2.02857e-07	0.000261791	0.0221823	1.99
7	192	1.26326	78.2066	0.000215974	0.00018736	0	0.0205081	2.02857e-07	0.000269043	0.0244866	2.07
7	192	1.21203	76.4706	0.000206517	0.000177949	0	0.0203857	2.08571e-07	0.000258874	0.0223362	2.01
7	192	1.26253	77.6484	0.000215871	0.000187077	0	0.0205136	2.05714e-07	0.000268383	0.0244677	2.06
7	192	1.21393	79.4652	0.000195971	0.000167643	0	0.019987	2.02857e-07	0.000245971	0.0232493	2.01
7	192	1.21489	79.7468	0.000206451	0.00017778	0	0.0203857	2.08571e-07	0.000258966	0.0224427	2.01
7	192	1.2108	73.5901	0.00020682	0.000178377	0	0.0203848	2.05714e-07	0.000258651	0.0222951	2.01
8	192	1.31844	84.1845	0.000242723	0.000209237	0	0.02303	2.11429e-07	0.000306954	0.0305681	2.22
8	192	1.31574	81.9718	0.000242426	0.000208769	0	0.0230333	2.11429e-07	0.000306586	0.0304398	2.21
8	192	1.3098	76.1194	0.000242769	0.000208994	0	0.0230229	2.08571e-07	0.000306746	0.030191	2.21
8	192	1.31119	77.8291	0.000242789	0.000209214	0	0.0230324	2.14286e-07	0.000307077	0.0302351	2.21
8	192	1.31807	85.7778	0.00024268	0.000209134	0	0.0231823	2.11429e-07	0.000307494	0.0304383	2.22
8	192	1.32247	86.097	0.000242769	0.000209243	0	0.0230311	2.11429e-07	0.000306089	0.030741	2.23
8	192	1.31595	82.3691	0.00024272	0.00020932	0	0.0230295	2.11429e-07	0.000307029	0.0304419	2.21
8	192	1.32019	85.1508	0.000242749	0.000209297	0	0.0230307	2.08571e-07	0.000306663	0.030624	2.22
8	192	1.3202	84.7377	0.000242646	0.000209206	0	0.023021	2.11429e-07	0.000305757	0.0306328	2.23
8	192	1.31842	83.7563	0.00024262	0.000208894	0	0.0230241	2.14286e-07	0.000307417	0.030549	2.22
9	192	1.29074	86.087	0.000244871	0.000207057	0	0.025017	2.14286e-07	0.000311671	0.0339278	2.29
9	192	1.30818	80.8	0.000263863	0.000225251	0	0.0270892	2.08571e-07	0.000332803	0.0324313	2.30
9	192	1.32	88.0448	0.00026366	0.000225697	0	0.0270404	2.05714e-07	0.000332791	0.0330646	2.32
9	192	1.36836	87.5648	0.000252737	0.000214843	0	0.0267332	2.08571e-07	0.00032224	0.0353739	2.36
9	192	1.36083	80.8765	0.000253234	0.000214806	0	0.0267048	2.14286e-07	0.000321454	0.0343856	2.36
9	192	1.32318	88.5167	0.000263437	0.000225469	0	0.0270625	2.08571e-07	0.0003334	0.0331104	2.33
9	192	1.2376	87.8018	0.000261011	0.000223009	0	0.0257787	2.17143e-07	0.000331914	0.030645	2.24
9	192	1.33102	90.6433	0.000262963	0.000225149	0	0.0270635	2.05714e-07	0.000332889	0.0335217	2.34
9	192	1.26935	86.3442	0.000240314	0.000202797	0	0.0252721	2.14286e-07	0.000305043	0.0316176	2.27
9	192	1.32129	87.6686	0.000263409	0.000225614	0	0.0270881	2.05714e-07	0.000333357	0.0330051	2.33
10	192	1.43862	91.0238	0.0002911	0.000248866	0	0.0295281	2.08571e-07	0.00037414	0.0427844	2.61
10	192	1.41757	92.7162	0.000295957	0.000253637	0	0.0280282	2.05714e-07	0.00037634	0.0440152	2.52
10	192	1.47659	91.9833	0.000294674	0.000252403	0	0.0292497	2.11429e-07	0.000377326	0.0452086	2.58
10	192	1.48315	94.4444	0.000290469	0.000247263	0	0.0294723	2.08571e-07	0.000371554	0.0447526	2.58
10	192	1.44054	91.5974	0.000291549	0.000248757	0	0.0296343	2.11429e-07	0.000372386	0.0427719	2.54
10	192	1.45535	92.6718	0.00029022	0.000247531	0	0.0295119	2.11429e-07	0.000372557	0.0437091	2.55
10	192	1.44948	91.9665	0.000303726	0.000261654	0	0.0285452	2.11429e-07	0.000384229	0.0445099	2.56
10	192	1.44672	91.2409	0.000291983	0.00024884	0	0.0294771	2.08571e-07	0.000374154	0.0431051	2.54
10	192	1.43218	89.4447	0.000304171	0.000261474	0	0.0285281	2.08571e-07	0.000384703	0.0435333	2.54
10	192	1.35521	92.5	0.000301234	0.000258957	0	0.029059	2.11429e-07	0.000379969	0.0385009	2.46
11	192	1.61446	92.967	0.00032658	0.000279289	0	0.0309919	2.11429e-07	0.000416411	0.0584872	2.88
11	192	1.53003	94.7122	0.000319569	0.000273071	0	0.0314453	2.08571e-07	0.000407017	0.0531014	2.73
11	192	1.57772	93.377	0.000318443	0.000271391	0	0.0302443	2.11429e-07	0.00040626	0.0578086	2.77
11	192	1.55916	93.3816	0.00033944	0.000292157	0	0.03122	2.08571e-07	0.000430834	0.0559039	2.75
11	192	1.56019	92.9073	0.000338697	0.000291383	0	0.0313036	2.08571e-07	0.000430937	0.055685	2.75
11	192	1.57001	93.9642	0.000338857	0.000291897	0	0.0312834	2.11429e-07	0.000430423	0.0562743	2.77
11	192	1.58245	94.2394	0.000316694	0.000269594	0	0.0309476	2.11429e-07	0.000405297	0.0574026	2.78
11	192	1.60849	93.6361	0.00033614	0.000289014	0	0.0303496	2.14286e-07	0.000428394	0.0585621	2.81
11	192	1.68396	92.5059	0.000359091	0.0003108	0	0.0310702	2.14286e-07	0.000456426	0.0631978	2.89
11	192	1.43196	92.5117	0.000334857	0.000286797	0	0.0303223	2.2e-07	0.00042696	0.0483342	2.62
12	192	1.68059	95.5586	0.000299574	0.000250026	0	0.0339422	2.02857e-07	0.00038424	0.0667312	3.04
12	192	1.66072	95.6679	0.000316854	0.000266391	0	0.03494	2.05714e-07	0.000405211	0.0649913	2.95
12	192	1.6185	94.4299	0.000311803	0.000261763	0	0.0350949	2.02857e-07	0.000398874	0.0634215	2.92
12	192	1.64372	95.6728	0.000311854	0.000261351	0	0.0350153	1.97143e-07	0.000397774	0.0648317	2.94
12	192	1.58163	94.8895	0.000324669	0.000273957	0	0.03546	2.02857e-07	0.000414214	0.0605055	2.88
12	192	1.65791	94.6518	0.000331517	0.000281434	0	0.0334876	1.94286e-07	0.000421114	0.0674846	2.95
12	192	1.68521	94.9922	0.000303871	0.000254449	0	0.0351078	2.02857e-07	0.000389331	0.0650137	2.99
12	192	1.68351	95.5338	0.000309829	0.000260023	0	0.0349791	2.02857e-07	0.000396551	0.0669349	2.98
12	192	1.62872	95.5245	0.000313869	0.000263991	0	0.0349882	2.02857e-07	0.000400623	0.0625587	2.93
12	192	1.68735	95.0566	0.000303354	0.000254077	0	0.0351582	2e-07	0.000388377	0.0651222	2.98
