N_THREADS	N_TRANSACTIONS	TIME	N_ABORTS	PROCESS_READ_TIME	PROCESS_WRITE_TIME	PROCESS_VALIDATION_TIME	PROCESS_OTHER_TIME	COMMIT_VALIDATION_TIME	COMMIT_OTHER_TIME	WASTED_TIME
1	1000	0.145895	0	5.63429e-06	5.78571e-06	0	1.00486e-05	3.42857e-07	4.89143e-06	1.16286e-06
1	1000	0.145914	0	5.64e-06	5.78857e-06	0	1.00429e-05	3.45714e-07	4.88857e-06	1.16286e-06
1	1000	0.14591	0	5.64e-06	5.78857e-06	0	1.00486e-05	3.42857e-07	4.89143e-06	1.16286e-06
1	1000	0.145913	0	5.63714e-06	5.78571e-06	0	1.00514e-05	3.45714e-07	4.89714e-06	1.16286e-06
1	1000	0.145918	0	5.63714e-06	5.78857e-06	0	1.00457e-05	3.42857e-07	4.89143e-06	1.16286e-06
1	1000	0.145902	0	5.63429e-06	5.78571e-06	0	1.00514e-05	3.45714e-07	4.88857e-06	1.16286e-06
1	1000	0.145918	0	5.64e-06	5.78857e-06	0	1.00457e-05	3.45714e-07	4.89143e-06	1.16286e-06
1	1000	0.145908	0	5.64286e-06	5.78857e-06	0	1.00457e-05	3.42857e-07	4.88857e-06	1.16286e-06
1	1000	0.145905	0	5.63429e-06	5.78571e-06	0	1.00543e-05	3.42857e-07	4.88571e-06	1.16286e-06
1	1000	0.145903	0	5.63714e-06	5.78571e-06	0	1.00486e-05	3.42857e-07	4.88857e-06	1.16286e-06
2	2000	0.145989	0	5.64e-06	5.78857e-06	0	1.00486e-05	3.8e-07	4.89143e-06	1.16286e-06
2	2000	0.145987	0	5.63714e-06	5.78571e-06	0	1.00514e-05	3.77143e-07	4.89143e-06	1.16e-06
2	2000	0.145974	0	5.64e-06	5.78857e-06	0	1.00457e-05	3.77143e-07	4.88857e-06	1.16e-06
2	2000	0.145996	0	5.64e-06	5.78857e-06	0	1.00486e-05	3.8e-07	4.88571e-06	1.16e-06
2	2000	0.145996	0	5.63714e-06	5.78857e-06	0	1.00514e-05	3.8e-07	4.88857e-06	1.16286e-06
2	2000	0.145987	0	5.63429e-06	5.78571e-06	0	1.00514e-05	3.77143e-07	4.88857e-06	1.16e-06
2	2000	0.145994	0	5.64286e-06	5.78857e-06	0	1.00457e-05	3.77143e-07	4.89429e-06	1.16e-06
2	2000	0.145998	0	5.64e-06	5.78857e-06	0	1.00486e-05	3.8e-07	4.89429e-06	1.16e-06
2	2000	0.145999	0	5.63429e-06	5.78286e-06	0	1.00571e-05	3.77143e-07	4.89714e-06	1.16e-06
2	2000	0.146004	0	5.64e-06	5.78857e-06	0	1.00514e-05	3.8e-07	4.89143e-06	1.16e-06
3	3000	0.146218	0.0666223	5.64e-06	5.78571e-06	0	1.00486e-05	5.05714e-07	4.89429e-06	1.16e-06
3	3000	0.146219	0	5.64571e-06	5.78571e-06	0	1.00486e-05	5.11429e-07	4.88857e-06	1.15714e-06
3	3000	0.146222	0.0666223	5.64e-06	5.78571e-06	0	1.00486e-05	5.08571e-07	4.89143e-06	1.16571e-06
3	3000	0.146221	0.0333222	5.64286e-06	5.78286e-06	0	1.00486e-05	5.11429e-07	4.88857e-06	1.16286e-06
3	3000	0.146212	0.0333222	5.63714e-06	5.78286e-06	0	1.00571e-05	5.11429e-07	4.88286e-06	1.16286e-06
3	3000	0.146207	0.0666223	5.63714e-06	5.78571e-06	0	1.00514e-05	5e-07	4.88857e-06	1.16571e-06
3	3000	0.146213	0	5.64286e-06	5.78571e-06	0	1.00514e-05	5.08571e-07	4.89429e-06	1.16286e-06
3	3000	0.146216	0	5.64286e-06	5.78857e-06	0	1.00457e-05	5.05714e-07	4.88857e-06	1.16e-06
3	3000	0.146223	0.0666223	5.64e-06	5.78571e-06	0	1.00514e-05	5.14286e-07	4.89429e-06	1.16286e-06
3	3000	0.14621	0.0333222	5.63714e-06	5.78571e-06	0	1.00514e-05	5.08571e-07	4.88571e-06	1.16571e-06
4	4000	0.146302	0.199601	5.64e-06	5.78286e-06	0	1.00543e-05	6.05714e-07	4.89143e-06	1.17714e-06
4	4000	0.14628	0.149775	5.64e-06	5.78286e-06	0	1.00543e-05	6e-07	4.89143e-06	1.16571e-06
4	4000	0.146295	0.199601	5.64e-06	5.78286e-06	0	1.00543e-05	6.02857e-07	4.89429e-06	1.17143e-06
4	4000	0.146298	0.174694	5.64286e-06	5.78286e-06	0	1.00543e-05	6.11429e-07	4.89429e-06	1.16857e-06
4	4000	0.146296	0.174694	5.64e-06	5.78286e-06	0	1.00571e-05	6.08571e-07	4.89429e-06	1.16857e-06
4	4000	0.146293	0.174694	5.64571e-06	5.78286e-06	0	1.00486e-05	6.05714e-07	4.89143e-06	1.17143e-06
4	4000	0.146293	0.149775	5.64e-06	5.78286e-06	0	1.00571e-05	6.05714e-07	4.89429e-06	1.16857e-06
4	4000	0.146281	0.174694	5.63714e-06	5.78286e-06	0	1.00543e-05	6.02857e-07	4.89429e-06	1.16857e-06
4	4000	0.146291	0.149775	5.64e-06	5.78286e-06	0	1.00571e-05	6.08571e-07	4.88857e-06	1.17143e-06
4	4000	0.146305	0.174694	5.64e-06	5.78286e-06	0	1.00543e-05	6.17143e-07	4.89429e-06	1.17714e-06
5	5000	0.146497	0.418243	5.64857e-06	5.78571e-06	0	1.00486e-05	7.37143e-07	4.89714e-06	1.19429e-06
5	5000	0.146493	0.299103	5.64571e-06	5.78571e-06	0	1.00543e-05	7.54286e-07	4.89429e-06	1.18571e-06
5	5000	0.146495	0.378561	5.64286e-06	5.78286e-06	0	1.00571e-05	7.4e-07	4.89143e-06	1.19429e-06
5	5000	0.146491	0.299103	5.64857e-06	5.78571e-06	0	1.00543e-05	7.48571e-07	4.90286e-06	1.18571e-06
5	5000	0.146493	0.299103	5.64857e-06	5.78571e-06	0	1.00514e-05	7.42857e-07	4.90286e-06	1.18571e-06
5	5000	0.146497	0.438072	5.64571e-06	5.78286e-06	0	1.00543e-05	7.4e-07	4.89429e-06	1.19143e-06
5	5000	0.146494	0.378561	5.64857e-06	5.78571e-06	0	1.00514e-05	7.42857e-07	4.89429e-06	1.19143e-06
5	5000	0.146478	0.318979	5.64571e-06	5.78571e-06	0	1.00543e-05	7.31429e-07	4.88857e-06	1.18286e-06
5	5000	0.146488	0.318979	5.64857e-06	5.78286e-06	0	1.00543e-05	7.4e-07	4.89429e-06	1.18571e-06
5	5000	0.146486	0.318979	5.64286e-06	5.78571e-06	0	1.00543e-05	7.28571e-07	4.89429e-06	1.18571e-06
6	6000	0.146861	0.695134	5.65143e-06	5.78286e-06	0	1.00571e-05	1.05143e-06	4.9e-06	1.21714e-06
6	6000	0.146869	0.711567	5.65143e-06	5.78e-06	0	1.00629e-05	1.05429e-06	4.90286e-06	1.21429e-06
6	6000	0.146848	0.695134	5.65429e-06	5.78e-06	0	1.006e-05	1.04286e-06	4.9e-06	1.22e-06
6	6000	0.146888	0.464499	5.65429e-06	5.78e-06	0	1.00629e-05	1.06e-06	4.89429e-06	1.20286e-06
6	6000	0.146902	0.497512	5.65714e-06	5.78e-06	0	1.00629e-05	1.07143e-06	4.90286e-06	1.20857e-06
6	6000	0.146844	0.464499	5.65429e-06	5.78286e-06	0	1.00543e-05	1.06e-06	4.89714e-06	1.19714e-06
6	6000	0.146846	0.546992	5.65429e-06	5.77714e-06	0	1.00629e-05	1.05429e-06	4.90571e-06	1.19429e-06
6	6000	0.14688	0.530504	5.66e-06	5.77714e-06	0	1.00629e-05	1.07143e-06	4.90286e-06	1.20571e-06
6	6000	0.146862	0.431464	5.65714e-06	5.78e-06	0	1.006e-05	1.06e-06	4.90286e-06	1.19429e-06
6	6000	0.146865	0.645802	5.65714e-06	5.78286e-06	0	1.00571e-05	1.05143e-06	4.90286e-06	1.20857e-06
7	7000	0.147318	0.990099	5.66286e-06	5.78e-06	0	1.00657e-05	1.45143e-06	4.90857e-06	1.24286e-06
7	7000	0.147335	1.2276	5.66e-06	5.78e-06	0	1.00686e-05	1.47143e-06	4.90286e-06	1.24286e-06
7	7000	0.147352	0.891972	5.66286e-06	5.78e-06	0	1.00629e-05	1.46e-06	4.90571e-06	1.23714e-06
7	7000	0.147324	1.04608	5.66286e-06	5.78e-06	0	1.00657e-05	1.47143e-06	4.90857e-06	1.22857e-06
7	7000	0.147355	0.976093	5.66e-06	5.78e-06	0	1.006e-05	1.46857e-06	4.90857e-06	1.24571e-06
7	7000	0.147352	0.920028	5.66571e-06	5.78e-06	0	1.006e-05	1.48571e-06	4.90286e-06	1.23143e-06
7	7000	0.147307	1.10201	5.66e-06	5.78e-06	0	1.00629e-05	1.44857e-06	4.90857e-06	1.23429e-06
7	7000	0.147322	0.765523	5.66e-06	5.78e-06	0	1.00686e-05	1.46571e-06	4.90571e-06	1.23429e-06
7	7000	0.147339	0.920028	5.65714e-06	5.78e-06	0	1.00657e-05	1.48e-06	4.90857e-06	1.22857e-06
7	7000	0.14733	0.962083	5.65714e-06	5.78e-06	0	1.00657e-05	1.47143e-06	4.90857e-06	1.23429e-06
8	8000	0.147694	1.36851	5.67143e-06	5.78286e-06	0	1.006e-05	1.73429e-06	4.90571e-06	1.27714e-06
8	8000	0.147671	1.74404	5.66857e-06	5.78286e-06	0	1.00657e-05	1.73714e-06	4.91143e-06	1.30286e-06
8	8000	0.147713	1.40498	5.66857e-06	5.78286e-06	0	1.00686e-05	1.74286e-06	4.91429e-06	1.27429e-06
8	8000	0.147695	1.45356	5.66857e-06	5.78286e-06	0	1.006e-05	1.74e-06	4.91429e-06	1.28286e-06
8	8000	0.147731	1.21018	5.66857e-06	5.78286e-06	0	1.006e-05	1.73714e-06	4.90857e-06	1.26e-06
8	8000	0.147691	1.63531	5.66857e-06	5.78286e-06	0	1.00657e-05	1.73714e-06	4.91429e-06	1.28857e-06
8	8000	0.147687	1.73197	5.66857e-06	5.78286e-06	0	1.00629e-05	1.72571e-06	4.91429e-06	1.30286e-06
8	8000	0.147729	1.27113	5.67143e-06	5.78286e-06	0	1.006e-05	1.76e-06	4.90571e-06	1.26286e-06
8	8000	0.147693	1.74404	5.66571e-06	5.78286e-06	0	1.00657e-05	1.73429e-06	4.91143e-06	1.3e-06
8	8000	0.147747	1.16135	5.66857e-06	5.78286e-06	0	1.00686e-05	1.74571e-06	4.90857e-06	1.25143e-06
9	9000	0.148002	1.67158	5.66857e-06	5.78571e-06	0	1.00657e-05	1.91429e-06	4.92e-06	1.30571e-06
9	9000	0.147988	1.86457	5.66286e-06	5.78571e-06	0	1.00743e-05	1.91429e-06	4.91714e-06	1.32e-06
9	9000	0.147971	1.59633	5.67429e-06	5.78571e-06	0	1.00629e-05	1.92571e-06	4.91714e-06	1.29429e-06
9	9000	0.147987	1.83246	5.67143e-06	5.78571e-06	0	1.00686e-05	1.93429e-06	4.91429e-06	1.31714e-06
9	9000	0.147999	1.80033	5.66286e-06	5.78571e-06	0	1.00714e-05	1.93429e-06	4.92e-06	1.30857e-06
9	9000	0.147999	1.71454	5.67714e-06	5.78571e-06	0	1.006e-05	1.91429e-06	4.92e-06	1.31429e-06
9	9000	0.148038	1.96078	5.66571e-06	5.78571e-06	0	1.00686e-05	1.91143e-06	4.92571e-06	1.33143e-06
9	9000	0.147981	1.72527	5.66286e-06	5.78571e-06	0	1.00743e-05	1.91714e-06	4.91429e-06	1.31143e-06
9	9000	0.147961	1.77889	5.67429e-06	5.78571e-06	0	1.00629e-05	1.91429e-06	4.91714e-06	1.31143e-06
9	9000	0.148088	1.85387	5.68e-06	5.78571e-06	0	1.00571e-05	1.88571e-06	4.91429e-06	1.34857e-06
10	10000	0.148159	1.79711	5.67714e-06	5.77714e-06	0	1.00829e-05	2.02857e-06	4.91714e-06	1.34571e-06
10	10000	0.148186	2.00882	5.66571e-06	5.77429e-06	0	1.008e-05	2.04857e-06	4.92e-06	1.34857e-06
10	10000	0.148265	1.8742	5.68571e-06	5.77429e-06	0	1.00829e-05	2.02857e-06	4.92571e-06	1.35429e-06
10	10000	0.148187	2.04721	5.68e-06	5.77429e-06	0	1.008e-05	2.04571e-06	4.92286e-06	1.34857e-06
10	10000	0.148238	2.09516	5.68e-06	5.77714e-06	0	1.00714e-05	2.02571e-06	4.93143e-06	1.36571e-06
10	10000	0.148254	2.00882	5.68e-06	5.78e-06	0	1.00743e-05	2.02571e-06	4.93143e-06	1.34857e-06
10	10000	0.148212	2.24829	5.68e-06	5.77143e-06	0	1.008e-05	2.00857e-06	4.92857e-06	1.39429e-06
10	10000	0.148171	1.88383	5.68e-06	5.77429e-06	0	1.00743e-05	2.05143e-06	4.92286e-06	1.35714e-06
10	10000	0.148179	2.04721	5.67143e-06	5.77714e-06	0	1.00743e-05	2.04571e-06	4.91714e-06	1.35714e-06
10	10000	0.148237	2.03762	5.67714e-06	5.77429e-06	0	1.00829e-05	2.02286e-06	4.93143e-06	1.36857e-06
11	11000	0.148701	2.5859	5.68571e-06	5.78286e-06	0	1.00686e-05	2.1e-06	4.94e-06	1.43429e-06
11	11000	0.1485	2.92119	5.68857e-06	5.78286e-06	0	1.00714e-05	2.10857e-06	4.93143e-06	1.44571e-06
11	11000	0.148519	2.56001	5.68857e-06	5.78286e-06	0	1.00686e-05	2.11143e-06	4.93429e-06	1.40286e-06
11	11000	0.148505	2.2917	5.68857e-06	5.78286e-06	0	1.00743e-05	2.10286e-06	4.93429e-06	1.40571e-06
11	11000	0.148516	2.37842	5.68571e-06	5.78286e-06	0	1.00771e-05	2.10857e-06	4.93714e-06	1.41714e-06
11	11000	0.148395	2.64625	5.68571e-06	5.78286e-06	0	1.00771e-05	2.09143e-06	4.93714e-06	1.43143e-06
11	11000	0.148553	2.91262	5.68286e-06	5.78286e-06	0	1.00714e-05	2.10857e-06	4.93143e-06	1.45143e-06
11	11000	0.148433	2.43037	5.68286e-06	5.78286e-06	0	1.008e-05	2.10857e-06	4.93429e-06	1.40857e-06
11	11000	0.148498	2.87833	5.68857e-06	5.78286e-06	0	1.00714e-05	2.10571e-06	4.93714e-06	1.43714e-06
11	11000	0.148417	2.56001	5.68571e-06	5.78286e-06	0	1.00743e-05	2.09714e-06	4.93429e-06	1.42857e-06
12	12000	0.160421	3.06164	6.07714e-06	6.26286e-06	0	1.09029e-05	2.34571e-06	5.22857e-06	1.57429e-06
12	12000	0.16045	3.42052	6.07714e-06	6.26286e-06	0	1.09086e-05	2.35714e-06	5.23714e-06	1.61714e-06
12	12000	0.160276	2.61321	6.07714e-06	6.26571e-06	0	1.09e-05	2.35143e-06	5.23143e-06	1.55143e-06
12	12000	0.160399	2.70007	6.07429e-06	6.26e-06	0	1.09029e-05	2.34571e-06	5.23143e-06	1.56286e-06
12	12000	0.160444	2.91262	6.07143e-06	6.25714e-06	0	1.09143e-05	2.34571e-06	5.23714e-06	1.6e-06
12	12000	0.160323	2.71585	6.07429e-06	6.26286e-06	0	1.09029e-05	2.35429e-06	5.24e-06	1.58e-06
12	12000	0.160371	2.84974	6.07429e-06	6.25714e-06	0	1.09143e-05	2.36286e-06	5.21714e-06	1.56286e-06
12	12000	0.160413	3.09295	6.08e-06	6.26286e-06	0	1.09e-05	2.33714e-06	5.23714e-06	1.62571e-06
12	12000	0.160297	2.85761	6.07143e-06	6.25714e-06	0	1.09114e-05	2.34e-06	5.22857e-06	1.55714e-06
12	12000	0.160344	2.92833	6.08e-06	6.25714e-06	0	1.09086e-05	2.34857e-06	5.23143e-06	1.59714e-06
