N_THREADS	N_TRANSACTIONS	TIME	N_ABORTS	PROCESS_READ_TIME	PROCESS_WRITE_TIME	PROCESS_VALIDATION_TIME	PROCESS_OTHER_TIME	COMMIT_VALIDATION_TIME	COMMIT_OTHER_TIME	WASTED_TIME
1	4096	1.80059	0	3.866e-05	3.252e-05	0	6.46314e-05	4.08571e-07	1.86057e-05	1.16286e-06
1	4096	1.80041	0	3.86543e-05	3.252e-05	0	6.46229e-05	4.08571e-07	1.86029e-05	1.16286e-06
1	4096	1.80054	0	3.866e-05	3.252e-05	0	6.46257e-05	4.08571e-07	1.86057e-05	1.16286e-06
1	4096	1.80037	0	3.86543e-05	3.25171e-05	0	6.46229e-05	4.08571e-07	1.86029e-05	1.16286e-06
1	4096	1.80065	0	3.86629e-05	3.25229e-05	0	6.46286e-05	4.08571e-07	1.86057e-05	1.16286e-06
1	4096	1.80016	0	3.86543e-05	3.25143e-05	0	6.46086e-05	4.08571e-07	1.86029e-05	1.16286e-06
1	4096	1.80015	0	3.86543e-05	3.25143e-05	0	6.46114e-05	4.08571e-07	1.86029e-05	1.16286e-06
1	4096	1.80063	0	3.866e-05	3.25257e-05	0	6.46286e-05	4.08571e-07	1.86057e-05	1.16286e-06
1	4096	1.80014	0	3.86514e-05	3.25143e-05	0	6.46143e-05	4.08571e-07	1.86029e-05	1.16286e-06
1	4096	1.80058	0	3.86629e-05	3.25229e-05	0	6.46257e-05	4.08571e-07	1.86057e-05	1.16286e-06
2	4096	0.901635	0.121921	3.86514e-05	3.25143e-05	0	6.462e-05	4.14286e-07	1.86057e-05	1.24857e-06
2	4096	0.901566	0.121921	3.86514e-05	3.25114e-05	0	6.46143e-05	4.14286e-07	1.86057e-05	1.24857e-06
2	4096	0.901774	0.121921	3.86571e-05	3.252e-05	0	6.46314e-05	4.14286e-07	1.86057e-05	1.25143e-06
2	4096	0.901729	0.121921	3.86571e-05	3.252e-05	0	6.46257e-05	4.14286e-07	1.86057e-05	1.24857e-06
2	4096	0.9017	0.121921	3.86571e-05	3.25171e-05	0	6.46257e-05	4.14286e-07	1.86057e-05	1.25143e-06
2	4096	0.901793	0.121921	3.866e-05	3.252e-05	0	6.46343e-05	4.14286e-07	1.86114e-05	1.24857e-06
2	4096	0.901671	0.121921	3.86571e-05	3.25143e-05	0	6.46229e-05	4.14286e-07	1.86057e-05	1.24857e-06
2	4096	0.901614	0.121921	3.86514e-05	3.25143e-05	0	6.462e-05	4.14286e-07	1.86057e-05	1.24857e-06
2	4096	0.901688	0.121921	3.86571e-05	3.252e-05	0	6.462e-05	4.14286e-07	1.86057e-05	1.24857e-06
2	4096	0.90181	0.121921	3.866e-05	3.252e-05	0	6.46343e-05	4.14286e-07	1.86114e-05	1.25143e-06
3	4096	0.613352	22.2475	3.936e-05	3.252e-05	8.57143e-09	6.46114e-05	3.17714e-06	1.86057e-05	5.88e-06
3	4096	0.61344	22.9061	3.93257e-05	3.25143e-05	8.57143e-09	6.46086e-05	3.13714e-06	1.86029e-05	6.06e-06
3	4096	0.613349	22.9061	3.93286e-05	3.25114e-05	8.57143e-09	6.46114e-05	3.10571e-06	1.86029e-05	6.02571e-06
3	4096	0.613341	22.3507	3.93629e-05	3.25114e-05	8.57143e-09	6.46171e-05	3.11714e-06	1.86029e-05	5.85714e-06
3	4096	0.613246	22.4683	3.93429e-05	3.25143e-05	8.57143e-09	6.46029e-05	3.12571e-06	1.86057e-05	5.92286e-06
3	4096	0.613254	22.7024	3.92971e-05	3.25114e-05	8.57143e-09	6.46114e-05	3.09143e-06	1.86029e-05	6.00571e-06
3	4096	0.613283	22.7024	3.93143e-05	3.25143e-05	8.57143e-09	6.46057e-05	3.12286e-06	1.86029e-05	5.97429e-06
3	4096	0.613372	22.483	3.93314e-05	3.25143e-05	8.57143e-09	6.46114e-05	3.11714e-06	1.86029e-05	5.91143e-06
3	4096	0.613271	22.336	3.93543e-05	3.25143e-05	8.57143e-09	6.46114e-05	3.14286e-06	1.86057e-05	5.90286e-06
3	4096	0.613394	22.7753	3.93514e-05	3.25143e-05	8.57143e-09	6.46114e-05	3.12571e-06	1.86029e-05	6.00286e-06
4	4096	0.517163	44.0895	3.90943e-05	3.25086e-05	0	6.46143e-05	4.82286e-06	1.86029e-05	5.27886e-05
4	4096	0.515108	44.2494	3.90886e-05	3.25114e-05	0	6.46171e-05	4.87429e-06	1.86e-05	5.33429e-05
4	4096	0.515896	43.7826	3.90629e-05	3.25114e-05	0	6.462e-05	4.97143e-06	1.86e-05	5.14457e-05
4	4096	0.527408	43.9672	3.91057e-05	3.25143e-05	0	6.46171e-05	4.79714e-06	1.86057e-05	5.426e-05
4	4096	0.514322	44.4158	3.90943e-05	3.25143e-05	0	6.46171e-05	4.89714e-06	1.86057e-05	5.42943e-05
4	4096	0.517184	44.2418	3.90657e-05	3.25143e-05	0	6.46229e-05	4.84857e-06	1.86057e-05	5.134e-05
4	4096	0.514776	44.3024	3.90343e-05	3.25143e-05	0	6.46114e-05	4.82571e-06	1.86e-05	5.40486e-05
4	4096	0.516254	44.5287	3.91229e-05	3.25143e-05	0	6.46143e-05	4.86e-06	1.86057e-05	5.43486e-05
4	4096	0.512568	44.1505	3.90686e-05	3.25086e-05	0	6.46229e-05	4.86286e-06	1.86057e-05	5.28029e-05
4	4096	0.51377	43.8443	3.90257e-05	3.25143e-05	0	6.46171e-05	4.87714e-06	1.86029e-05	5.31371e-05
5	4096	0.473344	57.6991	3.89486e-05	3.25e-05	0	6.46e-05	5.90857e-06	1.85971e-05	0.000114074
5	4096	0.470961	57.0335	3.89971e-05	3.25086e-05	0	6.462e-05	5.95143e-06	1.86057e-05	0.000112849
5	4096	0.473334	56.925	3.89857e-05	3.25114e-05	0	6.46229e-05	5.97714e-06	1.86057e-05	0.000110266
5	4096	0.468219	57.5632	3.89714e-05	3.25114e-05	0	6.46229e-05	5.94286e-06	1.86057e-05	0.000113331
5	4096	0.469422	57.1683	3.89886e-05	3.25114e-05	0	6.46257e-05	5.94857e-06	1.86e-05	0.000111734
5	4096	0.466989	57.213	3.9e-05	3.25114e-05	0	6.46257e-05	5.96571e-06	1.86057e-05	0.000111931
5	4096	0.467779	57.1055	3.89743e-05	3.25114e-05	0	6.46229e-05	6.01714e-06	1.86057e-05	0.000113257
5	4096	0.468295	57.2576	3.89743e-05	3.25086e-05	0	6.46143e-05	5.97429e-06	1.86029e-05	0.000109949
5	4096	0.465381	57.1458	3.89657e-05	3.25086e-05	0	6.46257e-05	6.03714e-06	1.86086e-05	0.000110083
5	4096	0.477348	57.5368	3.89714e-05	3.25114e-05	0	6.46171e-05	5.94286e-06	1.86e-05	0.000112623
6	4096	0.45765	65.8894	3.89429e-05	3.25057e-05	0	6.46286e-05	6.53143e-06	1.86057e-05	0.000194417
6	4096	0.457626	65.6923	3.89343e-05	3.25114e-05	0	6.46286e-05	6.44857e-06	1.86086e-05	0.000191946
6	4096	0.461335	65.7296	3.89257e-05	3.25143e-05	0	6.46257e-05	6.48286e-06	1.86057e-05	0.000191571
6	4096	0.45949	65.7554	3.89143e-05	3.25086e-05	0	6.46229e-05	6.52571e-06	1.86e-05	0.000194234
6	4096	0.459184	66.3158	3.89343e-05	3.25057e-05	0	6.46257e-05	6.49714e-06	1.86e-05	0.000196657
6	4096	0.454684	65.8239	3.89829e-05	3.25086e-05	0	6.46257e-05	6.53714e-06	1.86e-05	0.000192326
6	4096	0.463633	65.3117	3.89457e-05	3.25143e-05	0	6.46229e-05	6.49714e-06	1.86e-05	0.000189306
6	4096	0.456911	65.603	3.89514e-05	3.25057e-05	0	6.46286e-05	6.52e-06	1.86029e-05	0.000193143
6	4096	0.465085	65.4229	3.89143e-05	3.25057e-05	0	6.46286e-05	6.54e-06	1.86029e-05	0.000191049
6	4096	0.460689	65.4754	3.89543e-05	3.25057e-05	0	6.46314e-05	6.45429e-06	1.86057e-05	0.000187843
7	4096	0.477495	70.5027	3.89514e-05	3.25086e-05	0	6.46257e-05	6.39429e-06	1.86114e-05	0.000269514
7	4096	0.470476	70.9174	3.89086e-05	3.25086e-05	0	6.46257e-05	6.52286e-06	1.86029e-05	0.000274731
7	4096	0.482415	70.1458	3.89286e-05	3.25086e-05	0	6.46314e-05	6.40286e-06	1.86057e-05	0.000261986
7	4096	0.47435	70.4239	3.89314e-05	3.25086e-05	0	6.46229e-05	6.48286e-06	1.86086e-05	0.000266477
7	4096	0.479362	70.3145	3.89657e-05	3.25086e-05	0	6.46343e-05	6.42e-06	1.86029e-05	0.000263674
7	4096	0.482762	70.7178	3.89543e-05	3.25029e-05	0	6.46143e-05	6.38571e-06	1.86029e-05	0.000273091
7	4096	0.469587	71.3767	3.89543e-05	3.25086e-05	0	6.46257e-05	6.58286e-06	1.86057e-05	0.000279191
7	4096	0.474157	71.4106	3.89486e-05	3.25086e-05	0	6.46343e-05	6.43429e-06	1.86029e-05	0.000281877
7	4096	0.477558	70.9194	3.896e-05	3.25057e-05	0	6.46229e-05	6.49429e-06	1.86e-05	0.000274591
7	4096	0.45528	71.2944	3.89543e-05	3.25086e-05	0	6.46286e-05	6.58571e-06	1.86029e-05	0.000276243
8	4096	0.496179	73.6609	3.89486e-05	3.25029e-05	0	6.46286e-05	6.21143e-06	1.86029e-05	0.000333651
8	4096	0.488431	73.7217	3.892e-05	3.25057e-05	0	6.46286e-05	6.38286e-06	1.86057e-05	0.000336071
8	4096	0.493029	74.2001	3.89657e-05	3.25029e-05	0	6.46429e-05	6.4e-06	1.86029e-05	0.000346423
8	4096	0.500471	73.6947	3.89429e-05	3.25029e-05	0	6.462e-05	6.16857e-06	1.86e-05	0.000334397
8	4096	0.462772	74.4591	3.894e-05	3.25057e-05	0	6.46343e-05	6.39143e-06	1.86057e-05	0.000351277
8	4096	0.469456	74.4686	3.89171e-05	3.25029e-05	0	6.46286e-05	6.38571e-06	1.86057e-05	0.000346674
8	4096	0.483252	74.4463	3.89314e-05	3.25029e-05	0	6.46171e-05	6.42e-06	1.86057e-05	0.000351966
8	4096	0.469779	73.7116	3.89429e-05	3.25029e-05	0	6.46314e-05	6.37143e-06	1.86029e-05	0.000335011
8	4096	0.46045	74.6016	3.898e-05	3.25029e-05	0	6.46286e-05	6.46857e-06	1.86057e-05	0.000353457
8	4096	0.46189	74.6676	3.89543e-05	3.25029e-05	0	6.46286e-05	6.50286e-06	1.86057e-05	0.00035366
9	4096	0.478276	77.1365	3.89629e-05	3.25057e-05	0	6.46229e-05	6.45429e-06	1.86057e-05	0.000426751
9	4096	0.490138	76.9823	3.89886e-05	3.25114e-05	0	6.46257e-05	6.39143e-06	1.86e-05	0.000423123
9	4096	0.485482	77.5217	3.89857e-05	3.24971e-05	0	6.46314e-05	6.38571e-06	1.86086e-05	0.000435906
9	4096	0.501759	76.9629	3.89457e-05	3.25086e-05	0	6.46286e-05	6.29429e-06	1.86e-05	0.000423723
9	4096	0.491961	76.8979	3.89257e-05	3.25086e-05	0	6.46171e-05	6.44857e-06	1.86e-05	0.00041714
9	4096	0.486051	77.2242	3.89543e-05	3.25057e-05	0	6.46286e-05	6.36857e-06	1.86057e-05	0.000425797
9	4096	0.462665	77.7561	3.89229e-05	3.25057e-05	0	6.46286e-05	6.52e-06	1.86029e-05	0.000443889
9	4096	0.460056	77.5586	3.89543e-05	3.25057e-05	0	6.46229e-05	6.6e-06	1.86029e-05	0.00043302
9	4096	0.459352	77.875	3.898e-05	3.25057e-05	0	6.46314e-05	6.60286e-06	1.86057e-05	0.000442574
9	4096	0.486989	77.5278	3.89629e-05	3.25057e-05	0	6.462e-05	6.34286e-06	1.86057e-05	0.00043834
10	4096	0.4601	79.4584	3.9e-05	3.25086e-05	0	6.46257e-05	6.59143e-06	1.86029e-05	0.000501877
10	4096	0.474521	80.2116	3.902e-05	3.25086e-05	0	6.46257e-05	6.49143e-06	1.86114e-05	0.000534154
10	4096	0.45817	79.4697	3.89714e-05	3.25086e-05	0	6.46257e-05	6.55429e-06	1.86086e-05	0.0005054
10	4096	0.466525	79.1467	3.90057e-05	3.25086e-05	0	6.46229e-05	6.42857e-06	1.86086e-05	0.000495043
10	4096	0.464049	79.3881	3.89857e-05	3.25057e-05	0	6.46343e-05	6.48286e-06	1.86057e-05	0.0004986
10	4096	0.478026	79.6442	3.89943e-05	3.25057e-05	0	6.46286e-05	6.42e-06	1.86057e-05	0.000511943
10	4096	0.473073	78.9938	3.89457e-05	3.25029e-05	0	6.46343e-05	6.48857e-06	1.85971e-05	0.00048476
10	4096	0.475257	79.5955	3.89514e-05	3.25086e-05	0	6.46286e-05	6.30571e-06	1.86e-05	0.000513669
10	4096	0.453989	79.6654	3.89857e-05	3.25086e-05	0	6.46143e-05	6.56857e-06	1.86029e-05	0.000508563
10	4096	0.460582	78.9181	3.9e-05	3.25086e-05	0	6.46229e-05	6.44286e-06	1.86029e-05	0.00048302
11	4096	0.461266	82.26	3.89457e-05	3.25029e-05	0	6.46429e-05	6.64571e-06	1.86057e-05	0.000623409
11	4096	0.487636	81.567	3.89571e-05	3.25e-05	0	6.46286e-05	6.29143e-06	1.86057e-05	0.000596651
11	4096	0.454747	81.336	3.89714e-05	3.24971e-05	0	6.46457e-05	6.60286e-06	1.86057e-05	0.000579723
11	4096	0.465745	81.7818	3.90029e-05	3.24971e-05	0	6.46143e-05	6.56571e-06	1.86029e-05	0.000601894
11	4096	0.486018	81.3615	3.89771e-05	3.25e-05	0	6.464e-05	6.39714e-06	1.86057e-05	0.00058212
11	4096	0.475961	81.1053	3.89829e-05	3.25e-05	0	6.462e-05	6.51429e-06	1.86e-05	0.000567674
11	4096	0.465945	82.1649	3.89914e-05	3.24943e-05	0	6.46371e-05	6.59714e-06	1.86029e-05	0.000617937
11	4096	0.465869	81.1929	3.89971e-05	3.25e-05	0	6.464e-05	6.42286e-06	1.85943e-05	0.000574294
11	4096	0.46733	80.8267	3.89686e-05	3.25e-05	0	6.46343e-05	6.44286e-06	1.86029e-05	0.000560511
11	4096	0.459329	81.6701	3.89629e-05	3.25e-05	0	6.46371e-05	6.48e-06	1.86114e-05	0.000596091
12	4096	0.491912	82.3204	4.10943e-05	3.42114e-05	0	6.80429e-05	6.83714e-06	1.95886e-05	0.000673051
12	4096	0.473984	83.7299	4.11e-05	3.422e-05	0	6.80571e-05	6.96e-06	1.95914e-05	0.00074946
12	4096	0.491958	83.4096	4.136e-05	3.44829e-05	0	6.85829e-05	7.01714e-06	1.97371e-05	0.000739386
12	4096	0.496706	82.8188	4.10171e-05	3.41971e-05	0	6.8e-05	6.83429e-06	1.95686e-05	0.000700943
12	4096	0.475853	83.1537	4.10629e-05	3.42229e-05	0	6.806e-05	7.00286e-06	1.95886e-05	0.000713409
12	4096	0.481046	82.8684	4.12457e-05	3.43571e-05	0	6.83314e-05	6.98286e-06	1.96686e-05	0.000703169
12	4096	0.487726	82.453	4.12229e-05	3.43486e-05	0	6.82943e-05	6.97429e-06	1.966e-05	0.000683326
12	4096	0.48928	83.3442	4.12743e-05	3.44143e-05	0	6.844e-05	6.92571e-06	1.97029e-05	0.000731214
12	4096	0.474779	83.2214	4.07886e-05	3.39886e-05	0	6.75971e-05	6.87143e-06	1.94571e-05	0.000709971
12	4096	0.48184	83.3184	4.13343e-05	3.44457e-05	0	6.85114e-05	7.04e-06	1.97143e-05	0.00072536
