N_THREADS	N_TRANSACTIONS	TIME	N_ABORTS	PROCESS_READ_TIME	PROCESS_WRITE_TIME	PROCESS_VALIDATION_TIME	PROCESS_OTHER_TIME	COMMIT_VALIDATION_TIME	COMMIT_OTHER_TIME	WASTED_TIME
1	4096	9.21367	0	3.866e-05	3.25229e-05	0	6.45371e-05	4.08571e-07	1.86057e-05	1.16286e-06
1	4096	9.21425	0	3.86629e-05	3.25229e-05	0	6.454e-05	4.08571e-07	1.86086e-05	1.16286e-06
1	4096	9.2137	0	3.86629e-05	3.252e-05	0	6.45371e-05	4.08571e-07	1.86086e-05	1.16286e-06
1	4096	9.21373	0	3.86629e-05	3.25229e-05	0	6.45343e-05	4.08571e-07	1.86057e-05	1.16286e-06
1	4096	9.21375	0	3.866e-05	3.25257e-05	0	6.45343e-05	4.08571e-07	1.86057e-05	1.16286e-06
1	4096	9.21371	0	3.866e-05	3.252e-05	0	6.454e-05	4.08571e-07	1.86057e-05	1.16286e-06
1	4096	9.21328	0	3.866e-05	3.252e-05	0	6.45343e-05	4.08571e-07	1.86057e-05	1.16286e-06
1	4096	9.21332	0	3.86571e-05	3.25171e-05	0	6.454e-05	4.08571e-07	1.86057e-05	1.16286e-06
1	4096	9.21339	0	3.86571e-05	3.25229e-05	0	6.45371e-05	4.08571e-07	1.86057e-05	1.16286e-06
1	4096	9.21282	0	3.86571e-05	3.25171e-05	0	6.45314e-05	4.08571e-07	1.86057e-05	1.16286e-06
2	4096	4.6152	0.0488043	3.866e-05	3.25171e-05	0	6.454e-05	5.34286e-07	1.86057e-05	1.16857e-06
2	4096	4.61474	0.0488043	3.86571e-05	3.25143e-05	0	6.45343e-05	5.31429e-07	1.86e-05	1.16857e-06
2	4096	4.61502	0.0731886	3.86571e-05	3.252e-05	0	6.45343e-05	5.25714e-07	1.86057e-05	1.16857e-06
2	4096	4.61522	0.0488043	3.866e-05	3.252e-05	0	6.45371e-05	5.34286e-07	1.86057e-05	1.16571e-06
2	4096	4.61543	0.0488043	3.86686e-05	3.252e-05	0	6.45371e-05	5.31429e-07	1.86057e-05	1.16857e-06
2	4096	4.61503	0.0488043	3.86571e-05	3.252e-05	0	6.45343e-05	5.34286e-07	1.86057e-05	1.16857e-06
2	4096	4.61451	0.0488043	3.86514e-05	3.25143e-05	0	6.45314e-05	5.34286e-07	1.86e-05	1.16857e-06
2	4096	4.61447	0.0731886	3.86543e-05	3.25171e-05	0	6.45257e-05	5.31429e-07	1.86e-05	1.16857e-06
2	4096	4.6152	0.0488043	3.86629e-05	3.252e-05	0	6.45314e-05	5.25714e-07	1.86057e-05	1.17143e-06
2	4096	4.61518	0.0488043	3.86571e-05	3.252e-05	0	6.454e-05	5.37143e-07	1.86086e-05	1.17143e-06
3	4096	3.08264	0.194932	3.866e-05	3.252e-05	0	6.45371e-05	5e-07	1.86057e-05	1.30857e-06
3	4096	3.08281	0.292113	3.86543e-05	3.25171e-05	0	6.454e-05	5.57143e-07	1.86057e-05	1.37143e-06
3	4096	3.08266	0.219245	3.86571e-05	3.252e-05	0	6.45371e-05	5.05714e-07	1.86057e-05	1.31143e-06
3	4096	3.08268	0.267835	3.86543e-05	3.252e-05	0	6.45371e-05	5.54286e-07	1.86057e-05	1.36857e-06
3	4096	3.08269	0.292113	3.86571e-05	3.25171e-05	0	6.45371e-05	5.57143e-07	1.86029e-05	1.37714e-06
3	4096	3.08258	0.316379	3.86571e-05	3.252e-05	0	6.454e-05	6.25714e-07	1.86057e-05	1.36571e-06
3	4096	3.08328	0.219245	3.86571e-05	3.25171e-05	0	6.45371e-05	6.31429e-07	1.86086e-05	1.31143e-06
3	4096	3.08266	0.194932	3.86543e-05	3.25171e-05	0	6.454e-05	5.02857e-07	1.86086e-05	1.30857e-06
3	4096	3.08308	0.243546	3.86571e-05	3.25171e-05	0	6.45371e-05	6.28571e-07	1.86057e-05	1.34857e-06
3	4096	3.08251	0.194932	3.866e-05	3.25171e-05	0	6.454e-05	6e-07	1.86e-05	1.3e-06
4	4096	2.31701	0.461725	3.86571e-05	3.25143e-05	0	6.45429e-05	8.31429e-07	1.86057e-05	1.46286e-06
4	4096	2.31697	0.43753	3.86543e-05	3.25143e-05	0	6.454e-05	8.42857e-07	1.86057e-05	1.42857e-06
4	4096	2.31698	0.461725	3.86571e-05	3.25143e-05	0	6.454e-05	8.37143e-07	1.86057e-05	1.43714e-06
4	4096	2.31626	0.340633	3.86571e-05	3.25143e-05	0	6.454e-05	8.37143e-07	1.86057e-05	1.38286e-06
4	4096	2.31679	0.461725	3.86514e-05	3.25143e-05	0	6.45314e-05	8.74286e-07	1.86057e-05	1.44286e-06
4	4096	2.31707	0.485909	3.86543e-05	3.252e-05	0	6.45457e-05	8.25714e-07	1.86143e-05	1.45714e-06
4	4096	2.31716	0.461725	3.866e-05	3.252e-05	0	6.454e-05	8.22857e-07	1.86057e-05	1.44857e-06
4	4096	2.31695	0.51008	3.86514e-05	3.25143e-05	0	6.45429e-05	8.2e-07	1.86057e-05	1.45143e-06
4	4096	2.31675	0.461725	3.86629e-05	3.252e-05	0	6.454e-05	9.34286e-07	1.86057e-05	1.46e-06
4	4096	2.3172	0.461725	3.86571e-05	3.252e-05	0	6.45429e-05	8.37143e-07	1.86057e-05	1.44e-06
5	4096	1.85961	0.70303	3.86543e-05	3.252e-05	0	6.45457e-05	1.01143e-06	1.86086e-05	1.60857e-06
5	4096	1.8594	0.630762	3.86571e-05	3.252e-05	0	6.45429e-05	9.42857e-07	1.86029e-05	1.54857e-06
5	4096	1.85918	0.678952	3.86486e-05	3.25086e-05	0	6.45343e-05	1.02857e-06	1.86057e-05	1.61429e-06
5	4096	1.85926	0.582524	3.86543e-05	3.25143e-05	0	6.45429e-05	9.54286e-07	1.86086e-05	1.52286e-06
5	4096	1.85949	0.727096	3.86543e-05	3.25171e-05	0	6.454e-05	9.91429e-07	1.86e-05	1.62286e-06
5	4096	1.85932	0.654863	3.86543e-05	3.25143e-05	0	6.45457e-05	9.57143e-07	1.86029e-05	1.54571e-06
5	4096	1.85968	0.70303	3.86629e-05	3.252e-05	0	6.45429e-05	1e-06	1.86057e-05	1.55143e-06
5	4096	1.85924	0.70303	3.86543e-05	3.25086e-05	0	6.45257e-05	9.97143e-07	1.86e-05	1.63143e-06
5	4096	1.85911	0.630762	3.86571e-05	3.25114e-05	0	6.45314e-05	9.62857e-07	1.86029e-05	1.54857e-06
5	4096	1.85921	0.630762	3.86486e-05	3.25114e-05	0	6.45429e-05	9.77143e-07	1.86e-05	1.54286e-06
6	4096	1.55173	0.871249	3.86543e-05	3.25114e-05	0	6.45343e-05	1.15714e-06	1.86057e-05	1.78857e-06
6	4096	1.55191	0.943168	3.866e-05	3.25143e-05	0	6.45429e-05	1.15714e-06	1.86086e-05	1.79429e-06
6	4096	1.55186	0.847252	3.86686e-05	3.25143e-05	0	6.45457e-05	1.27714e-06	1.86114e-05	1.76571e-06
6	4096	1.55166	0.967118	3.86629e-05	3.25143e-05	0	6.45429e-05	1.07143e-06	1.86057e-05	1.90286e-06
6	4096	1.55207	0.967118	3.86686e-05	3.252e-05	0	6.45429e-05	1.14286e-06	1.86057e-05	1.80571e-06
6	4096	1.55173	0.943168	3.866e-05	3.25086e-05	0	6.45371e-05	1.14857e-06	1.86029e-05	1.78571e-06
6	4096	1.55174	0.895233	3.86629e-05	3.25171e-05	0	6.45486e-05	1.10857e-06	1.86114e-05	1.85714e-06
6	4096	1.55173	0.895233	3.86543e-05	3.25114e-05	0	6.45486e-05	1.17714e-06	1.86057e-05	1.78e-06
6	4096	1.55174	0.919207	3.866e-05	3.25057e-05	0	6.45429e-05	1.15143e-06	1.86e-05	1.79143e-06
6	4096	1.55222	0.967118	3.86629e-05	3.25143e-05	0	6.45514e-05	1.17429e-06	1.86057e-05	1.82286e-06
7	4096	1.33294	1.41998	3.86571e-05	3.25057e-05	0	6.45314e-05	1.29143e-06	1.86086e-05	2.24e-06
7	4096	1.33423	1.41998	3.86486e-05	3.25029e-05	0	6.45371e-05	1.48e-06	1.86e-05	2.26571e-06
7	4096	1.33439	1.4437	3.86686e-05	3.25143e-05	0	6.45457e-05	1.41429e-06	1.86086e-05	2.32e-06
7	4096	1.3346	1.41998	3.866e-05	3.25086e-05	0	6.45429e-05	1.50571e-06	1.86029e-05	2.26286e-06
7	4096	1.3331	1.56212	3.86543e-05	3.25086e-05	0	6.45343e-05	1.26571e-06	1.86e-05	2.23429e-06
7	4096	1.33335	1.51479	3.868e-05	3.25114e-05	0	6.45457e-05	1.55143e-06	1.86029e-05	2.32857e-06
7	4096	1.33314	1.39624	3.86543e-05	3.25057e-05	0	6.45314e-05	1.40857e-06	1.86029e-05	2.19143e-06
7	4096	1.33404	1.3725	3.86571e-05	3.25114e-05	0	6.45514e-05	1.45429e-06	1.86057e-05	2.22857e-06
7	4096	1.33391	1.4437	3.86543e-05	3.25086e-05	0	6.45486e-05	1.38857e-06	1.86e-05	2.36857e-06
7	4096	1.33435	1.58578	3.86571e-05	3.25114e-05	0	6.45486e-05	1.39143e-06	1.86114e-05	2.33143e-06
8	4096	1.16791	2.05643	3.86714e-05	3.25029e-05	0	6.45371e-05	1.76571e-06	1.85943e-05	2.74857e-06
8	4096	1.16857	2.15002	3.866e-05	3.25086e-05	0	6.45457e-05	1.54286e-06	1.86057e-05	2.84857e-06
8	4096	1.16804	1.89222	3.868e-05	3.25057e-05	0	6.45429e-05	1.75714e-06	1.86057e-05	2.64571e-06
8	4096	1.16806	2.03301	3.866e-05	3.25114e-05	0	6.45457e-05	1.64571e-06	1.86057e-05	2.67714e-06
8	4096	1.16798	2.2201	3.86571e-05	3.25029e-05	0	6.45343e-05	1.62857e-06	1.86e-05	2.99143e-06
8	4096	1.16819	1.98612	3.86686e-05	3.25057e-05	0	6.45543e-05	1.66e-06	1.86057e-05	2.72857e-06
8	4096	1.16808	1.96266	3.86657e-05	3.25086e-05	0	6.45571e-05	1.69429e-06	1.86057e-05	2.65143e-06
8	4096	1.16818	2.15002	3.86743e-05	3.25057e-05	0	6.45543e-05	1.64e-06	1.86086e-05	2.73429e-06
8	4096	1.16809	1.86871	3.86657e-05	3.25057e-05	0	6.45543e-05	1.75714e-06	1.86086e-05	2.65714e-06
8	4096	1.16814	1.96266	3.866e-05	3.25143e-05	0	6.45486e-05	1.54e-06	1.86057e-05	2.83143e-06
9	4096	1.04148	2.59215	3.866e-05	3.25e-05	0	6.45429e-05	1.92857e-06	1.86029e-05	3.39714e-06
9	4096	1.04241	2.47619	3.86657e-05	3.25114e-05	0	6.45486e-05	1.96857e-06	1.86086e-05	3.42286e-06
9	4096	1.04206	2.6616	3.86629e-05	3.25086e-05	0	6.45571e-05	2.09429e-06	1.86029e-05	3.4e-06
9	4096	1.04217	2.61531	3.86686e-05	3.25057e-05	0	6.45486e-05	1.96e-06	1.86114e-05	3.23429e-06
9	4096	1.04153	2.33667	3.86657e-05	3.25086e-05	0	6.454e-05	2.04857e-06	1.86029e-05	3.04e-06
9	4096	1.04173	2.42973	3.86629e-05	3.25114e-05	0	6.45257e-05	1.90857e-06	1.86029e-05	3.26571e-06
9	4096	1.04149	2.4994	3.86686e-05	3.25114e-05	0	6.45514e-05	2.02286e-06	1.86029e-05	3.13429e-06
9	4096	1.04227	2.38322	3.86657e-05	3.25086e-05	0	6.45371e-05	2.05143e-06	1.86e-05	3.32571e-06
9	4096	1.04149	2.35995	3.86686e-05	3.25114e-05	0	6.45429e-05	1.87714e-06	1.86086e-05	3.20286e-06
9	4096	1.0423	2.6616	3.86686e-05	3.25114e-05	0	6.454e-05	2.14286e-06	1.86057e-05	3.38857e-06
10	4096	0.939452	3.12204	3.86657e-05	3.25114e-05	0	6.45514e-05	2.52286e-06	1.86057e-05	3.69143e-06
10	4096	0.939643	2.82325	3.86943e-05	3.25114e-05	0	6.45457e-05	2.56857e-06	1.86057e-05	3.63143e-06
10	4096	0.939574	2.8463	3.86686e-05	3.25086e-05	0	6.45629e-05	2.12857e-06	1.86057e-05	3.44571e-06
10	4096	0.939649	3.07619	3.86943e-05	3.25086e-05	0	6.456e-05	2.62571e-06	1.86114e-05	3.58286e-06
10	4096	0.939463	3.305	3.86914e-05	3.25086e-05	0	6.45571e-05	2.60286e-06	1.86114e-05	3.73143e-06
10	4096	0.939465	3.00734	3.86886e-05	3.25086e-05	0	6.45486e-05	2.24571e-06	1.86114e-05	3.54857e-06
10	4096	0.939512	3.19074	3.86743e-05	3.25114e-05	0	6.45457e-05	2.59143e-06	1.86057e-05	3.69714e-06
10	4096	0.939665	3.16785	3.86886e-05	3.25086e-05	0	6.45514e-05	2.69143e-06	1.86029e-05	3.49143e-06
10	4096	0.939263	2.61531	3.86771e-05	3.25086e-05	0	6.45657e-05	2.16e-06	1.86057e-05	3.45714e-06
10	4096	0.939496	3.09912	3.86943e-05	3.25057e-05	0	6.45343e-05	2.83143e-06	1.86e-05	3.41714e-06
11	4096	0.85692	3.35064	3.86543e-05	3.24971e-05	0	6.454e-05	2.61714e-06	1.86029e-05	3.95143e-06
11	4096	0.856969	3.23648	3.866e-05	3.25e-05	0	6.45486e-05	2.41143e-06	1.86057e-05	3.92571e-06
11	4096	0.855751	3.48728	3.86714e-05	3.25e-05	0	6.45457e-05	2.75714e-06	1.86086e-05	4.02571e-06
11	4096	0.856822	3.73678	3.86686e-05	3.25e-05	0	6.45457e-05	2.75714e-06	1.86029e-05	4.28e-06
11	4096	0.856919	3.53274	3.868e-05	3.25e-05	0	6.45514e-05	2.48857e-06	1.86029e-05	4.14571e-06
11	4096	0.857075	3.48728	3.868e-05	3.25e-05	0	6.454e-05	2.44286e-06	1.86057e-05	4.09143e-06
11	4096	0.856385	3.305	3.86657e-05	3.25e-05	0	6.454e-05	2.58e-06	1.86057e-05	4.28286e-06
11	4096	0.857193	3.7594	3.86686e-05	3.25e-05	0	6.45543e-05	2.38286e-06	1.86114e-05	4.32e-06
11	4096	0.856193	3.62353	3.86771e-05	3.25e-05	0	6.45543e-05	2.74e-06	1.86e-05	4.02571e-06
11	4096	0.857255	3.51001	3.86686e-05	3.25029e-05	0	6.45514e-05	2.44286e-06	1.86086e-05	4.1e-06
12	4096	0.855991	4.83271	4.21743e-05	3.54257e-05	0	7.03514e-05	3.34857e-06	2.028e-05	5.74e-06
12	4096	0.855815	4.34376	4.21743e-05	3.54257e-05	0	7.03543e-05	3.24e-06	2.02857e-05	5.48286e-06
12	4096	0.855444	4.2767	4.21629e-05	3.54314e-05	0	7.03457e-05	3.12286e-06	2.028e-05	5.58e-06
12	4096	0.855594	4.98724	4.21629e-05	3.54371e-05	0	7.03686e-05	3.74e-06	2.028e-05	5.56e-06
12	4096	0.855987	4.3661	4.21686e-05	3.54343e-05	0	7.03686e-05	3.54857e-06	2.02771e-05	5.49714e-06
12	4096	0.85561	4.3661	4.21629e-05	3.54314e-05	0	7.03771e-05	3.25429e-06	2.02829e-05	5.12857e-06
12	4096	0.855761	4.32142	4.218e-05	3.54286e-05	0	7.03514e-05	3.27429e-06	2.02886e-05	5.34571e-06
12	4096	0.855958	4.45533	4.21686e-05	3.54257e-05	0	7.03629e-05	3.14e-06	2.02914e-05	5.54571e-06
12	4096	0.856793	4.76633	4.21543e-05	3.54343e-05	0	7.03743e-05	3.54857e-06	2.028e-05	5.78e-06
12	4096	0.855937	4.32142	4.21571e-05	3.54286e-05	0	7.03371e-05	3.23429e-06	2.02686e-05	5.51143e-06
