N_THREADS	N_TRANSACTIONS	TIME	N_ABORTS	PROCESS_READ_TIME	PROCESS_WRITE_TIME	PROCESS_VALIDATION_TIME	PROCESS_OTHER_TIME	COMMIT_VALIDATION_TIME	COMMIT_OTHER_TIME	WASTED_TIME
1	4096	10.4379	0	0.000121117	0.000122926	0	0.000102437	6.97143e-07	9.94143e-05	2.45429e-06	10.86
1	4096	10.438	0	0.000121106	0.000122937	0	0.000102434	6.97143e-07	9.94257e-05	2.45143e-06	10.85
1	4096	10.438	0	0.000121109	0.000122943	0	0.000102426	6.97143e-07	9.94229e-05	2.45143e-06	10.85
1	4096	10.4379	0	0.000121111	0.000122934	0	0.000102437	6.97143e-07	9.94314e-05	2.45714e-06	10.86
1	4096	10.437	0	0.000121117	0.000122963	0	0.000102346	6.91429e-07	9.95029e-05	2.46e-06	10.86
1	4096	10.4381	0	0.000121106	0.000122954	0	0.000102426	6.97143e-07	9.94257e-05	2.45714e-06	10.85
1	4096	10.438	0	0.000121126	0.000122957	0	0.000102406	6.97143e-07	9.94286e-05	2.45429e-06	10.85
1	4096	10.438	0	0.00012112	0.000122954	0	0.000102406	7e-07	9.94171e-05	2.45714e-06	10.85
1	4096	10.4373	0	0.000121143	0.000123003	0	0.000102523	6.91429e-07	9.93086e-05	2.46e-06	10.84
1	4096	10.4379	0	0.000121111	0.000122957	0	0.000102406	6.94286e-07	9.94686e-05	2.45714e-06	10.85
2	4096	5.23119	0.0488043	0.000121291	0.000123171	0	0.000102706	1.07429e-06	9.94829e-05	2.54571e-06	5.66
2	4096	5.23169	0.0488043	0.000121314	0.0001231	0	0.000102594	1.05429e-06	9.964e-05	2.56286e-06	5.66
2	4096	5.23168	0.0488043	0.0001213	0.000123097	0	0.000102571	1.09429e-06	9.96486e-05	2.56571e-06	5.65
2	4096	5.23101	0.0488043	0.000121274	0.000123157	0	0.000102694	1.08857e-06	9.94457e-05	2.54571e-06	5.66
2	4096	5.2316	0.0244081	0.000121286	0.000123086	0	0.000102603	1.09143e-06	9.96286e-05	2.53714e-06	5.65
2	4096	5.2305	0.0488043	0.000121251	0.000123049	0	0.000102391	1.06286e-06	9.97886e-05	2.56571e-06	5.65
2	4096	5.23124	0.0488043	0.000121254	0.00012308	0	0.000102526	1.08857e-06	9.95543e-05	2.54571e-06	5.65
2	4096	5.23095	0.0488043	0.0001213	0.000123117	0	0.000102657	1.05714e-06	9.94971e-05	2.52857e-06	5.64
2	4096	5.23042	0.0488043	0.00012124	0.000123034	0	0.000102394	1.06286e-06	9.97514e-05	2.57143e-06	5.66
2	4096	5.23027	0.0731886	0.000121266	0.000123046	0	0.000102469	1.04857e-06	9.96571e-05	2.56571e-06	5.65
3	4096	3.49688	0.413324	0.000121397	0.000123194	0	0.000102603	1.32857e-06	9.98286e-05	3.56571e-06	4.00
3	4096	3.49784	0.340633	0.000121483	0.000123254	0	0.000102789	1.39143e-06	9.96857e-05	3.38857e-06	3.92
3	4096	3.49633	0.292113	0.000121406	0.000123211	0	0.000102749	1.25714e-06	9.96314e-05	3.25143e-06	3.93
3	4096	3.49602	0.364875	0.00012144	0.000123269	0	0.000102774	1.49143e-06	9.96857e-05	3.14857e-06	3.93
3	4096	3.49645	0.292113	0.000121409	0.000123254	0	0.000102789	1.22857e-06	9.96343e-05	3.22857e-06	3.93
3	4096	3.49742	0.364875	0.000121471	0.000123271	0	0.00010282	1.36571e-06	9.97143e-05	3.33143e-06	3.92
3	4096	3.49737	0.340633	0.000121454	0.000123263	0	0.00010278	1.37143e-06	9.96714e-05	3.38857e-06	3.93
3	4096	3.4966	0.316379	0.000121443	0.00012324	0	0.00010278	1.26286e-06	9.96686e-05	3.26286e-06	3.92
3	4096	3.49654	0.292113	0.000121417	0.000123226	0	0.000102774	1.27429e-06	9.96514e-05	3.25714e-06	3.92
3	4096	3.49629	0.292113	0.000121414	0.000123131	0	0.000102743	1.22e-06	9.96343e-05	3.25429e-06	3.92
4	4096	2.62975	0.43753	0.000121634	0.000123351	0	0.000102871	1.91429e-06	9.99371e-05	3.76286e-06	3.21
4	4096	2.63069	0.43753	0.000121683	0.000123403	0	0.000102926	2.15143e-06	9.99629e-05	3.7e-06	3.14
4	4096	2.63072	0.485909	0.000121729	0.000123474	0	0.000102963	2.17429e-06	0.000100023	3.56286e-06	3.14
4	4096	2.63071	0.461725	0.000121634	0.00012336	0	0.000102894	2.03429e-06	9.99086e-05	3.67143e-06	3.14
4	4096	2.62988	0.485909	0.00012168	0.000123403	0	0.0001029	2.02e-06	9.99771e-05	3.82571e-06	3.14
4	4096	2.63065	0.461725	0.000121651	0.0001234	0	0.000102857	2.00571e-06	9.99629e-05	3.71714e-06	3.14
4	4096	2.6307	0.461725	0.000121717	0.000123483	0	0.000102957	2.16857e-06	0.000100029	3.51714e-06	3.14
4	4096	2.63	0.53424	0.00012164	0.000123371	0	0.00010292	1.88286e-06	9.98971e-05	3.85429e-06	3.14
4	4096	2.63083	0.43753	0.000121694	0.000123437	0	0.000102923	2.14e-06	0.000100034	3.71429e-06	3.14
4	4096	2.63071	0.485909	0.000121714	0.00012346	0	0.000102963	2.16857e-06	0.000100014	3.53429e-06	3.14
5	4096	2.1161	0.943168	0.000122057	0.000123874	0	0.000102963	2.71714e-06	0.000100806	4.66286e-06	2.80
5	4096	2.11346	0.823245	0.000122286	0.000124077	0	0.0001033	3.27714e-06	0.00010068	4.43714e-06	2.73
5	4096	2.1158	0.919207	0.000122117	0.000123851	0	0.000103197	2.94571e-06	0.000100526	4.64571e-06	2.73
5	4096	2.1156	0.895233	0.000122037	0.000123789	0	0.000103134	2.71714e-06	0.000100463	4.67143e-06	2.72
5	4096	2.11583	0.919207	0.000122077	0.000123809	0	0.0001032	2.81714e-06	0.000100471	4.69143e-06	2.72
5	4096	2.11564	0.847252	0.000122077	0.000123777	0	0.000103177	2.80857e-06	0.000100477	4.65143e-06	2.73
5	4096	2.11572	0.919207	0.000122046	0.000123797	0	0.000103194	2.82286e-06	0.00010044	4.73714e-06	2.72
5	4096	2.11553	0.895233	0.00012204	0.000123757	0	0.000103129	2.78286e-06	0.000100451	4.63429e-06	2.72
5	4096	2.11558	0.823245	0.000122063	0.000123791	0	0.000103131	2.70286e-06	0.000100437	4.66e-06	2.73
5	4096	2.11651	0.919207	0.000122083	0.000123926	0	0.000103097	2.8e-06	0.000100697	4.71714e-06	2.73
6	4096	1.77249	1.93919	0.000123157	0.000124589	0	0.000103943	6.03143e-06	0.000101997	6.30571e-06	2.48
6	4096	1.77271	1.98612	0.000123297	0.000124829	0	0.000104069	6.68857e-06	0.000102154	6.49714e-06	2.48
6	4096	1.77323	2.17339	0.000123217	0.000124771	0	0.000103971	6.57714e-06	0.000102089	7.14571e-06	2.47
6	4096	1.77338	2.40648	0.000123243	0.000124777	0	0.000104051	6.50286e-06	0.000102077	7.28857e-06	2.47
6	4096	1.77271	2.10325	0.000123197	0.000124617	0	0.000103966	5.94857e-06	0.000101983	6.67143e-06	2.48
6	4096	1.76967	1.8452	0.00012338	0.000124934	0	0.00010408	6.59429e-06	0.000102203	6.09429e-06	2.48
6	4096	1.77314	2.15002	0.000123166	0.00012462	0	0.000103957	6.53429e-06	0.000102043	6.69714e-06	2.48
6	4096	1.77323	1.91571	0.000123203	0.000124657	0	0.000103949	6.28e-06	0.000102057	6.32e-06	2.48
6	4096	1.77257	1.98612	0.0001231	0.000124591	0	0.00010396	5.90571e-06	0.000101983	6.64857e-06	2.47
6	4096	1.77112	1.98612	0.000123286	0.000124783	0	0.000104	6.32286e-06	0.000102109	6.37714e-06	2.47
7	4096	1.54408	7.30935	0.000125757	0.000127643	0	0.000105403	2.33457e-05	0.00010538	1.56114e-05	2.35
7	4096	1.54376	7.43503	0.000125749	0.000127577	0	0.000105383	2.358e-05	0.000105354	1.55943e-05	2.34
7	4096	1.54323	7.45594	0.00012562	0.000127311	0	0.000105277	2.36886e-05	0.000104997	1.53143e-05	2.35
7	4096	1.54193	7.22537	0.00012578	0.000127551	0	0.000105351	2.31571e-05	0.000105186	1.54143e-05	2.35
7	4096	1.54488	7.20435	0.00012574	0.000127637	0	0.00010542	2.33057e-05	0.000105343	1.52571e-05	2.35
7	4096	1.54474	7.43503	0.00012568	0.000127609	0	0.0001054	2.33914e-05	0.000105217	1.52286e-05	2.35
7	4096	1.54235	7.22537	0.000125717	0.000127537	0	0.000105349	2.33229e-05	0.000105171	1.53629e-05	2.35
7	4096	1.54607	7.26738	0.000125843	0.000127763	0	0.000105491	2.29229e-05	0.000105417	1.608e-05	2.35
7	4096	1.54778	7.4141	0.000125786	0.000127686	0	0.000105449	2.31486e-05	0.000105323	1.60486e-05	2.35
7	4096	1.54478	7.28837	0.000125606	0.000127497	0	0.00010536	2.35229e-05	0.000105126	1.528e-05	2.36
8	4096	1.36427	8.51016	0.000127986	0.000130286	0	0.000106689	2.46057e-05	0.00010714	2.464e-05	2.27
8	4096	1.36462	8.998	0.000128443	0.000130849	0	0.000106969	2.40914e-05	0.000107854	2.608e-05	2.27
8	4096	1.3634	9.09898	0.000128337	0.000130611	0	0.000106837	2.39057e-05	0.00010746	2.658e-05	2.27
8	4096	1.36459	8.7344	0.000128446	0.000130703	0	0.000106894	2.418e-05	0.000107763	2.53343e-05	2.28
8	4096	1.36146	8.36689	0.000128083	0.000130351	0	0.000106666	2.454e-05	0.000106957	2.32229e-05	2.27
8	4096	1.36093	8.18202	0.000128217	0.000130429	0	0.000106723	2.44857e-05	0.000107223	2.36743e-05	2.28
8	4096	1.36424	8.81567	0.000128383	0.0001307	0	0.000106886	2.39657e-05	0.000107654	2.568e-05	2.27
8	4096	1.36446	8.69371	0.000128429	0.000130674	0	0.000106883	2.39743e-05	0.000107646	2.58571e-05	2.26
8	4096	1.36121	8.38739	0.000128137	0.000130366	0	0.000106711	2.46914e-05	0.00010718	2.43629e-05	2.26
8	4096	1.36466	9.36048	0.000128291	0.000130491	0	0.00010682	2.38943e-05	0.00010754	2.67657e-05	2.26
9	4096	1.22444	10.372	0.000131074	0.000133709	0	0.000108514	2.65486e-05	0.000110563	3.43286e-05	2.30
9	4096	1.22982	11.3228	0.000131563	0.000134303	0	0.000108894	2.63371e-05	0.000111431	3.748e-05	2.23
9	4096	1.23185	11.0339	0.000131537	0.000134243	0	0.000108846	2.62171e-05	0.000111197	3.79657e-05	2.23
9	4096	1.22574	10.2148	0.000130851	0.000133594	0	0.000108494	2.676e-05	0.000110363	3.39029e-05	2.23
9	4096	1.23009	10.4895	0.000131169	0.000133857	0	0.000108597	2.63029e-05	0.000110714	3.59371e-05	2.23
9	4096	1.22781	10.7431	0.000131454	0.000134051	0	0.000108751	2.64571e-05	0.000111234	3.61743e-05	2.23
9	4096	1.23275	10.5872	0.000131203	0.00013376	0	0.000108603	2.66457e-05	0.000110791	3.53143e-05	2.24
9	4096	1.23299	10.4308	0.000131354	0.000133871	0	0.000108651	2.62171e-05	0.000110923	3.62086e-05	2.24
9	4096	1.22717	10.2345	0.000131151	0.000133734	0	0.000108554	2.65971e-05	0.000110614	3.502e-05	2.23
9	4096	1.22868	11.4761	0.000131437	0.000134103	0	0.000108729	2.61343e-05	0.000110923	3.89543e-05	2.24
10	4096	1.12425	12.7583	0.00013552	0.000138691	0	0.000111186	2.87657e-05	0.000115837	4.80371e-05	2.30
10	4096	1.12566	12.4786	0.000135686	0.000139034	0	0.00011142	2.85714e-05	0.00011686	4.71514e-05	2.23
10	4096	1.12313	12.1596	0.00013516	0.000138354	0	0.000111069	2.85914e-05	0.000116074	4.53514e-05	2.23
10	4096	1.12282	11.9708	0.000135877	0.000139074	0	0.000111406	2.87257e-05	0.000116874	4.50571e-05	2.23
10	4096	1.12279	12.1784	0.00013528	0.000138574	0	0.000111111	2.88286e-05	0.000116171	4.52771e-05	2.22
10	4096	1.11981	11.9708	0.000135863	0.000139174	0	0.000111497	2.88857e-05	0.000116886	4.27686e-05	2.22
10	4096	1.12149	12.2912	0.000135469	0.000138723	0	0.000111226	2.85143e-05	0.000116471	4.48114e-05	2.22
10	4096	1.12756	13.3855	0.000135789	0.000138966	0	0.000111374	2.84286e-05	0.000116454	5.09457e-05	2.23
10	4096	1.12427	12.4599	0.000135254	0.000138351	0	0.0001111	2.90886e-05	0.000115957	4.53914e-05	2.23
10	4096	1.11871	12.1972	0.000135583	0.00013862	0	0.000111226	2.89714e-05	0.000116383	4.35257e-05	2.23
11	4096	1.0405	14.5599	0.000140011	0.000143914	0	0.000114003	3.15114e-05	0.000121683	5.76829e-05	2.25
11	4096	1.04405	15.6334	0.00014106	0.00014524	0	0.000114651	3.10429e-05	0.000123306	6.50371e-05	2.25
11	4096	1.03819	14.8087	0.000140151	0.00014398	0	0.000114146	3.14257e-05	0.000122206	5.996e-05	2.24
11	4096	1.03979	15.2493	0.000140126	0.000143729	0	0.000114011	3.088e-05	0.000121874	6.26714e-05	2.24
11	4096	1.04098	14.542	0.000139974	0.000143743	0	0.000113966	3.126e-05	0.000121871	5.82543e-05	2.24
11	4096	1.04723	15.7375	0.000141151	0.000145126	0	0.000114723	3.13429e-05	0.00012334	6.37229e-05	2.25
11	4096	1.03845	14.9855	0.000140257	0.000144137	0	0.000114206	3.13514e-05	0.000122517	6.228e-05	2.24
11	4096	1.04409	15.6855	0.000140151	0.00014416	0	0.00011418	3.10743e-05	0.000122294	6.50771e-05	2.25
11	4096	1.051	16.374	0.000141069	0.000145026	0	0.000114631	3.11886e-05	0.000123326	6.99171e-05	2.25
11	4096	1.03708	14.3275	0.000140034	0.000143794	0	0.000113989	3.10314e-05	0.000121803	5.79857e-05	2.24
12	4096	0.993855	17.1521	0.000147094	0.000151411	0	0.00011952	3.40229e-05	0.000129629	7.68343e-05	2.29
12	4096	0.995471	17.4526	0.000148323	0.000152823	0	0.000120214	3.398e-05	0.000131034	7.86257e-05	2.30
12	4096	0.996243	18.4064	0.000148011	0.000152531	0	0.000120091	3.40657e-05	0.000130583	8.37914e-05	2.30
12	4096	0.995761	16.9337	0.000149069	0.000153697	0	0.000120594	3.434e-05	0.000131234	7.60171e-05	2.30
12	4096	0.990534	16.4763	0.000147449	0.0001519	0	0.00011978	3.382e-05	0.000129931	7.17371e-05	2.29
12	4096	0.997899	17.2859	0.000147971	0.000152283	0	0.00012	3.41629e-05	0.000130414	7.95114e-05	2.29
12	4096	0.994137	17.6352	0.00014908	0.00015366	0	0.000120643	3.43486e-05	0.000131643	8.014e-05	2.30
12	4096	0.993592	17.1856	0.000148386	0.00015282	0	0.000120203	3.39771e-05	0.000130654	7.75486e-05	2.29
12	4096	0.994832	17.2525	0.000148777	0.000153351	0	0.000120403	3.44e-05	0.00013114	7.976e-05	2.30
12	4096	0.997519	18.08	0.000148934	0.000153509	0	0.000120483	3.42943e-05	0.000131114	8.33143e-05	2.30
