N_THREADS	N_TRANSACTIONS	TIME	N_ABORTS	PROCESS_READ_TIME	PROCESS_WRITE_TIME	PROCESS_VALIDATION_TIME	PROCESS_OTHER_TIME	COMMIT_VALIDATION_TIME	COMMIT_OTHER_TIME	WASTED_TIME
1	4096	1.81588	0	3.34686e-05	3.158e-05	0	6.06143e-05	2.51429e-07	3.26543e-05	1.13429e-06
1	4096	1.81589	0	3.34714e-05	3.158e-05	0	6.06143e-05	2.51429e-07	3.26543e-05	1.13429e-06
1	4096	1.81588	0	3.34714e-05	3.15857e-05	0	6.06086e-05	2.51429e-07	3.26543e-05	1.13143e-06
1	4096	1.81587	0	3.34714e-05	3.15829e-05	0	6.06114e-05	2.51429e-07	3.26543e-05	1.13143e-06
1	4096	1.81587	0	3.34714e-05	3.15829e-05	0	6.06086e-05	2.51429e-07	3.26543e-05	1.13143e-06
1	4096	1.81588	0	3.34714e-05	3.15829e-05	0	6.06114e-05	2.51429e-07	3.26543e-05	1.13143e-06
1	4096	1.81586	0	3.34714e-05	3.15829e-05	0	6.06114e-05	2.48571e-07	3.26543e-05	1.13143e-06
1	4096	1.81586	0	3.34743e-05	3.15829e-05	0	6.06057e-05	2.51429e-07	3.26543e-05	1.13143e-06
1	4096	1.81588	0	3.34714e-05	3.15829e-05	0	6.06114e-05	2.51429e-07	3.26543e-05	1.13143e-06
1	4096	1.81588	0	3.34714e-05	3.15829e-05	0	6.06086e-05	2.48571e-07	3.26571e-05	1.13143e-06
2	4096	0.910068	1.72745	3.348e-05	3.15829e-05	0	6.06057e-05	2.51429e-07	3.26514e-05	1.55143e-06
2	4096	0.909746	1.11057	3.34714e-05	3.15829e-05	0	6.06086e-05	2.51429e-07	3.26514e-05	1.38571e-06
2	4096	0.909576	0.943168	3.34714e-05	3.15829e-05	0	6.06057e-05	2.51429e-07	3.26514e-05	1.31143e-06
2	4096	0.909581	0.943168	3.34686e-05	3.15829e-05	0	6.06114e-05	2.51429e-07	3.26514e-05	1.31143e-06
2	4096	0.909445	0.775194	3.34714e-05	3.158e-05	0	6.06086e-05	2.48571e-07	3.26543e-05	1.24286e-06
2	4096	0.910399	2.17339	3.348e-05	3.15829e-05	0	6.06114e-05	2.51429e-07	3.26514e-05	1.71143e-06
2	4096	0.909742	1.11057	3.34714e-05	3.158e-05	0	6.06114e-05	2.51429e-07	3.26514e-05	1.38571e-06
2	4096	0.909585	0.943168	3.34686e-05	3.158e-05	0	6.06143e-05	2.51429e-07	3.26514e-05	1.31143e-06
2	4096	0.909757	1.11057	3.34686e-05	3.15829e-05	0	6.06143e-05	2.51429e-07	3.26514e-05	1.38286e-06
2	4096	0.909733	1.11057	3.34743e-05	3.158e-05	0	6.06086e-05	2.48571e-07	3.26543e-05	1.38857e-06
3	4096	0.686836	69.6233	3.35543e-05	3.15771e-05	0	6.06114e-05	2.48571e-07	3.266e-05	5.72371e-05
3	4096	0.689687	70.2844	3.35486e-05	3.15829e-05	0	6.06057e-05	2.48571e-07	3.266e-05	5.99771e-05
3	4096	0.687874	69.7243	3.35629e-05	3.158e-05	0	6.06171e-05	2.48571e-07	3.26629e-05	5.81714e-05
3	4096	0.694837	70.8636	3.35514e-05	3.158e-05	0	6.06143e-05	2.48571e-07	3.26629e-05	6.29914e-05
3	4096	0.694183	70.0607	3.35543e-05	3.158e-05	0	6.06114e-05	2.48571e-07	3.266e-05	5.97714e-05
3	4096	0.688127	69.6952	3.35486e-05	3.15829e-05	0	6.06086e-05	2.48571e-07	3.266e-05	5.76143e-05
3	4096	0.693594	70.4601	3.35486e-05	3.158e-05	0	6.06114e-05	2.48571e-07	3.266e-05	6.07686e-05
3	4096	0.686196	69.138	3.35514e-05	3.15829e-05	0	6.06086e-05	2.48571e-07	3.26629e-05	5.68286e-05
3	4096	0.690475	69.8491	3.35457e-05	3.15771e-05	0	6.06143e-05	2.48571e-07	3.266e-05	5.87629e-05
3	4096	0.691368	70.1697	3.35514e-05	3.158e-05	0	6.06143e-05	2.48571e-07	3.266e-05	5.86657e-05
4	4096	0.619157	84.9721	3.356e-05	3.15771e-05	0	6.06086e-05	2.45714e-07	3.26629e-05	0.000151526
4	4096	0.616419	85.0838	3.35571e-05	3.15771e-05	0	6.06171e-05	2.48571e-07	3.26629e-05	0.000151914
4	4096	0.620591	84.8358	3.35657e-05	3.15771e-05	0	6.06114e-05	2.48571e-07	3.266e-05	0.000149923
4	4096	0.629846	85.5795	3.35543e-05	3.15771e-05	0	6.06171e-05	2.45714e-07	3.26629e-05	0.000160637
4	4096	0.625237	84.8223	3.356e-05	3.15771e-05	0	6.062e-05	2.48571e-07	3.266e-05	0.00014944
4	4096	0.625623	84.8811	3.35629e-05	3.15771e-05	0	6.06171e-05	2.48571e-07	3.26629e-05	0.000150509
4	4096	0.629014	85.1255	3.35514e-05	3.15771e-05	0	6.06143e-05	2.48571e-07	3.26629e-05	0.000154897
4	4096	0.630305	85.5255	3.356e-05	3.158e-05	0	6.06143e-05	2.48571e-07	3.26657e-05	0.000161806
4	4096	0.624068	85.2667	3.35543e-05	3.15771e-05	0	6.06114e-05	2.51429e-07	3.266e-05	0.000156509
4	4096	0.619645	84.8448	3.35657e-05	3.15771e-05	0	6.06143e-05	2.45714e-07	3.26657e-05	0.000151131
5	4096	0.623389	91.0067	3.35686e-05	3.15743e-05	0	6.062e-05	2.42857e-07	3.26657e-05	0.0003042
5	4096	0.610653	90.4371	3.35714e-05	3.158e-05	0	6.06143e-05	2.42857e-07	3.26714e-05	0.000283263
5	4096	0.622683	90.6716	3.35771e-05	3.15771e-05	0	6.06086e-05	2.42857e-07	3.26714e-05	0.000292934
5	4096	0.630693	90.6956	3.35743e-05	3.15771e-05	0	6.06171e-05	2.42857e-07	3.26686e-05	0.000294674
5	4096	0.608508	90.2458	3.358e-05	3.15771e-05	0	6.06114e-05	2.42857e-07	3.26743e-05	0.000272303
5	4096	0.622561	90.7521	3.35686e-05	3.15771e-05	0	6.06143e-05	2.42857e-07	3.26686e-05	0.000295163
5	4096	0.613553	90.5487	3.358e-05	3.158e-05	0	6.06171e-05	2.42857e-07	3.26743e-05	0.000287954
5	4096	0.619314	90.4769	3.35657e-05	3.15743e-05	0	6.06171e-05	2.42857e-07	3.26657e-05	0.000283697
5	4096	0.615409	90.6074	3.35714e-05	3.158e-05	0	6.06114e-05	2.42857e-07	3.26714e-05	0.000289983
5	4096	0.625641	90.9276	3.35771e-05	3.15771e-05	0	6.06114e-05	2.42857e-07	3.26686e-05	0.000301297
6	4096	0.645583	93.3217	3.358e-05	3.15771e-05	0	6.06343e-05	2.4e-07	3.26771e-05	0.000468134
6	4096	0.656314	93.4467	3.358e-05	3.15743e-05	0	6.06171e-05	2.4e-07	3.26743e-05	0.000481566
6	4096	0.645975	93.2268	3.358e-05	3.15771e-05	0	6.06143e-05	2.4e-07	3.26743e-05	0.000463886
6	4096	0.630379	93.1052	3.358e-05	3.15743e-05	0	6.06229e-05	2.4e-07	3.26714e-05	0.000448123
6	4096	0.638007	93.3725	3.358e-05	3.15771e-05	0	6.06143e-05	2.4e-07	3.26743e-05	0.000469166
6	4096	0.651576	93.4059	3.35857e-05	3.15743e-05	0	6.06086e-05	2.4e-07	3.26743e-05	0.000477214
6	4096	0.644304	93.2021	3.35771e-05	3.15743e-05	0	6.06229e-05	2.4e-07	3.26743e-05	0.000460211
6	4096	0.637872	93.4033	3.35743e-05	3.15743e-05	0	6.06229e-05	2.4e-07	3.26743e-05	0.000471569
6	4096	0.648268	93.1961	3.35829e-05	3.15743e-05	0	6.06171e-05	2.4e-07	3.26743e-05	0.000466594
6	4096	0.65026	93.2794	3.35743e-05	3.15743e-05	0	6.06171e-05	2.4e-07	3.26743e-05	0.00046928
7	4096	0.684442	94.6087	3.35886e-05	3.15714e-05	0	6.06229e-05	2.4e-07	3.26743e-05	0.000659709
7	4096	0.675887	94.6672	3.35943e-05	3.15771e-05	0	6.06114e-05	2.4e-07	3.26714e-05	0.000657974
7	4096	0.667057	94.7014	3.35971e-05	3.15771e-05	0	6.06143e-05	2.4e-07	3.26771e-05	0.000662806
7	4096	0.680579	94.4974	3.35914e-05	3.15743e-05	0	6.06143e-05	2.4e-07	3.26771e-05	0.000648577
7	4096	0.661457	94.4866	3.35943e-05	3.15743e-05	0	6.06143e-05	2.4e-07	3.26743e-05	0.000636709
7	4096	0.673092	94.7905	3.35714e-05	3.15771e-05	0	6.062e-05	2.4e-07	3.26743e-05	0.00067774
7	4096	0.677104	94.7168	3.35857e-05	3.15743e-05	0	6.06143e-05	2.4e-07	3.26771e-05	0.000670771
7	4096	0.679394	94.7301	3.35829e-05	3.15771e-05	0	6.06171e-05	2.4e-07	3.26714e-05	0.000664526
7	4096	0.675326	94.6981	3.358e-05	3.15714e-05	0	6.06257e-05	2.4e-07	3.26686e-05	0.0006725
7	4096	0.66814	94.6764	3.35829e-05	3.15743e-05	0	6.062e-05	2.4e-07	3.26743e-05	0.000663183
8	4096	0.695441	95.4261	3.35943e-05	3.15686e-05	0	6.06314e-05	2.4e-07	3.26743e-05	0.000851277
8	4096	0.707045	95.5116	3.36e-05	3.15743e-05	0	6.06257e-05	2.48571e-07	3.26657e-05	0.000868566
8	4096	0.704873	95.4883	3.35914e-05	3.15657e-05	0	6.06343e-05	2.42857e-07	3.26714e-05	0.000862263
8	4096	0.716049	95.4887	3.35857e-05	3.15714e-05	0	6.06229e-05	2.4e-07	3.268e-05	0.000857883
8	4096	0.713561	95.4187	3.35914e-05	3.15657e-05	0	6.06229e-05	2.48571e-07	3.26657e-05	0.000850623
8	4096	0.703802	95.5233	3.35886e-05	3.15714e-05	0	6.06229e-05	2.34286e-07	3.268e-05	0.000868894
8	4096	0.726011	95.5926	3.35886e-05	3.15686e-05	0	6.06257e-05	2.48571e-07	3.26657e-05	0.000897309
8	4096	0.705705	95.3493	3.35886e-05	3.15686e-05	0	6.062e-05	2.42857e-07	3.26714e-05	0.000835957
8	4096	0.726552	95.4556	3.35971e-05	3.15686e-05	0	6.06286e-05	2.4e-07	3.26743e-05	0.000856931
8	4096	0.71802	95.4746	3.358e-05	3.15714e-05	0	6.06229e-05	2.45714e-07	3.26686e-05	0.00086942
9	4096	0.732	96.1031	3.35886e-05	3.15714e-05	0	6.06171e-05	2.31429e-07	3.26914e-05	0.0010927
9	4096	0.715416	96.0211	3.35886e-05	3.15743e-05	0	6.06086e-05	2.31429e-07	3.26829e-05	0.00104813
9	4096	0.739698	95.9871	3.35971e-05	3.15686e-05	0	6.06229e-05	2.31429e-07	3.26857e-05	0.00105705
9	4096	0.75383	96.2301	3.35829e-05	3.15714e-05	0	6.06171e-05	2.31429e-07	3.26857e-05	0.00112207
9	4096	0.737275	96.091	3.35857e-05	3.15714e-05	0	6.06229e-05	2.31429e-07	3.26914e-05	0.00107751
9	4096	0.740961	96.1143	3.35829e-05	3.15714e-05	0	6.06257e-05	2.31429e-07	3.26886e-05	0.00107767
9	4096	0.736545	96.1409	3.358e-05	3.15714e-05	0	6.06229e-05	2.31429e-07	3.26829e-05	0.00109756
9	4096	0.729059	96.0347	3.35914e-05	3.15686e-05	0	6.06257e-05	2.31429e-07	3.26886e-05	0.00105381
9	4096	0.730371	96.0061	3.35857e-05	3.15771e-05	0	6.06229e-05	2.31429e-07	3.26829e-05	0.00104675
9	4096	0.731153	96.1826	3.35714e-05	3.15714e-05	0	6.06314e-05	2.31429e-07	3.26914e-05	0.00109426
10	4096	0.764402	96.53	3.35886e-05	3.15714e-05	0	6.062e-05	2.28571e-07	3.26886e-05	0.00127397
10	4096	0.760473	96.4935	3.35971e-05	3.15686e-05	0	6.06229e-05	2.28571e-07	3.26857e-05	0.00128618
10	4096	0.73148	96.334	3.35857e-05	3.15714e-05	0	6.06229e-05	2.28571e-07	3.26857e-05	0.00120988
10	4096	0.730896	96.4508	3.36029e-05	3.15714e-05	0	6.062e-05	2.28571e-07	3.26857e-05	0.00124666
10	4096	0.754765	96.4024	3.35857e-05	3.15714e-05	0	6.06229e-05	2.28571e-07	3.26886e-05	0.00124758
10	4096	0.766512	96.413	3.35714e-05	3.15686e-05	0	6.06286e-05	2.28571e-07	3.26829e-05	0.00126555
10	4096	0.755553	96.4923	3.35857e-05	3.15714e-05	0	6.06229e-05	2.28571e-07	3.26886e-05	0.00129172
10	4096	0.744718	96.4052	3.35886e-05	3.15714e-05	0	6.06257e-05	2.28571e-07	3.26829e-05	0.00123349
10	4096	0.766864	96.4801	3.35886e-05	3.15714e-05	0	6.062e-05	2.28571e-07	3.26857e-05	0.00126729
10	4096	0.757842	96.5384	3.35886e-05	3.15714e-05	0	6.06229e-05	2.28571e-07	3.26914e-05	0.00128105
11	4096	0.783178	96.8663	3.35857e-05	3.15657e-05	0	6.06314e-05	2.42857e-07	3.26686e-05	0.00151943
11	4096	0.793614	96.8746	3.35914e-05	3.15686e-05	0	6.06257e-05	2.4e-07	3.26714e-05	0.00150629
11	4096	0.788617	96.7897	3.35829e-05	3.15686e-05	0	6.06257e-05	2.42857e-07	3.26714e-05	0.00149494
11	4096	0.773754	96.7903	3.35943e-05	3.15686e-05	0	6.06229e-05	2.4e-07	3.26743e-05	0.00146635
11	4096	0.759015	96.7999	3.35914e-05	3.15686e-05	0	6.06286e-05	2.4e-07	3.26771e-05	0.00145899
11	4096	0.776187	96.8228	3.35886e-05	3.15629e-05	0	6.06343e-05	2.4e-07	3.26714e-05	0.00150271
11	4096	0.772846	96.7523	3.35857e-05	3.15657e-05	0	6.06257e-05	2.37143e-07	3.26771e-05	0.00144869
11	4096	0.769387	96.8561	3.35943e-05	3.15743e-05	0	6.062e-05	2.4e-07	3.26714e-05	0.00151164
11	4096	0.774701	96.8526	3.35914e-05	3.15686e-05	0	6.06257e-05	2.37143e-07	3.268e-05	0.00150904
11	4096	0.781571	96.7779	3.35943e-05	3.15686e-05	0	6.06171e-05	2.34286e-07	3.268e-05	0.00147732
12	4096	0.857319	97.0578	3.61e-05	3.39229e-05	0	6.51371e-05	2.4e-07	3.51286e-05	0.00186205
12	4096	0.860161	97.0175	3.59543e-05	3.37943e-05	0	6.48971e-05	2.4e-07	3.49971e-05	0.00183367
12	4096	0.885108	97.1794	3.60714e-05	3.38914e-05	0	6.50886e-05	2.42857e-07	3.51e-05	0.0019229
12	4096	0.875175	97.1574	3.60943e-05	3.39143e-05	0	6.51314e-05	2.45714e-07	3.51229e-05	0.00191474
12	4096	0.875528	97.0999	3.60229e-05	3.38514e-05	0	6.50229e-05	2.4e-07	3.506e-05	0.00185792
12	4096	0.850786	97.077	3.59543e-05	3.38e-05	0	6.49e-05	2.42857e-07	3.49943e-05	0.001826
12	4096	0.853986	97.0966	3.59143e-05	3.37771e-05	0	6.48429e-05	2.4e-07	3.49657e-05	0.00185017
12	4096	0.853597	97.0669	3.59686e-05	3.37971e-05	0	6.49143e-05	2.4e-07	3.50086e-05	0.00183444
12	4096	0.846252	97.0608	3.59229e-05	3.37514e-05	0	6.484e-05	2.4e-07	3.496e-05	0.00184408
12	4096	0.861932	96.9747	3.59029e-05	3.37486e-05	0	6.48e-05	2.4e-07	3.49429e-05	0.00181272
