N_THREADS	N_TRANSACTIONS	TIME	N_ABORTS	PROCESS_READ_TIME	PROCESS_WRITE_TIME	PROCESS_VALIDATION_TIME	PROCESS_OTHER_TIME	COMMIT_VALIDATION_TIME	COMMIT_OTHER_TIME	WASTED_TIME
1	4096	3.14851	0	0.00011188	0.000108969	0	9.708e-05	2.51429e-07	0.0001595	2.38857e-06	3.64
1	4096	3.14913	0	0.00011192	0.000109046	0	9.71114e-05	2.51429e-07	0.000159497	2.38286e-06	3.57
1	4096	3.14861	0	0.000111894	0.000108951	0	9.70914e-05	2.51429e-07	0.000159517	2.39143e-06	3.57
1	4096	3.14864	0	0.0001119	0.00010896	0	9.70886e-05	2.51429e-07	0.000159509	2.39143e-06	3.56
1	4096	3.14864	0	0.0001119	0.000108954	0	9.70914e-05	2.51429e-07	0.000159509	2.39429e-06	3.57
1	4096	3.14777	0	0.000111809	0.000108874	0	9.72057e-05	2.51429e-07	0.000159351	2.42e-06	3.57
1	4096	3.14862	0	0.000111894	0.000108954	0	9.70743e-05	2.51429e-07	0.000159529	2.38857e-06	3.56
1	4096	3.14864	0	0.000111889	0.000108963	0	9.71e-05	2.51429e-07	0.000159511	2.38857e-06	3.56
1	4096	3.149	0	0.00011188	0.000108971	0	9.71286e-05	2.51429e-07	0.000159577	2.38857e-06	3.56
1	4096	3.14919	0	0.000111917	0.000109057	0	9.71286e-05	2.51429e-07	0.000159486	2.38286e-06	3.57
2	4096	1.9841	78.6644	0.000114506	0.000110909	0	9.868e-05	2.51429e-07	0.000165114	0.000184491	2.47
2	4096	1.96851	78.4716	0.000114491	0.000110931	0	9.86886e-05	2.48571e-07	0.000165051	0.000180323	2.39
2	4096	1.97051	78.3108	0.0001145	0.0001109	0	9.86771e-05	2.51429e-07	0.000165049	0.000178897	2.39
2	4096	1.98571	78.4591	0.00011452	0.000111046	0	9.86143e-05	2.48571e-07	0.000165111	0.000181406	2.41
2	4096	1.98275	78.5718	0.00011446	0.000110903	0	9.86914e-05	2.51429e-07	0.000165006	0.000184334	2.39
2	4096	1.98802	78.7948	0.000114434	0.000110914	0	9.87286e-05	2.51429e-07	0.000164966	0.000185611	2.41
2	4096	1.99057	78.8681	0.000114463	0.000110943	0	9.86886e-05	2.48571e-07	0.000165006	0.000188723	2.41
2	4096	1.99117	78.7651	0.000114506	0.000110937	0	9.866e-05	2.51429e-07	0.000164991	0.000188129	2.41
2	4096	1.97342	78.6255	0.000114523	0.000110937	0	9.86714e-05	2.48571e-07	0.000165066	0.000182311	2.39
2	4096	1.9766	78.5774	0.000114474	0.00011094	0	9.86657e-05	2.48571e-07	0.000165029	0.00018168	2.40
3	4096	1.88847	91.6753	0.000119294	0.000115863	0	0.000101597	2.48571e-07	0.000172223	0.00057718	2.38
3	4096	1.92128	91.6989	0.000119171	0.000115794	0	0.000101563	2.48571e-07	0.00017206	0.000585777	2.34
3	4096	1.91307	91.691	0.000119289	0.000115806	0	0.000101586	2.48571e-07	0.000172214	0.000583709	2.35
3	4096	1.93233	91.8637	0.000119263	0.000115897	0	0.00010162	2.48571e-07	0.000172063	0.00060108	2.36
3	4096	1.90795	91.5265	0.000119223	0.000115769	0	0.000101583	2.48571e-07	0.000172026	0.000568897	2.34
3	4096	1.941	91.9077	0.000119246	0.000115831	0	0.000101589	2.48571e-07	0.000172074	0.000607817	2.37
3	4096	1.91222	91.7587	0.000119251	0.000115791	0	0.000101591	2.48571e-07	0.000172271	0.000584194	2.34
3	4096	1.95095	91.9847	0.000119166	0.0001158	0	0.000101557	2.48571e-07	0.000172097	0.000608954	2.38
3	4096	1.93893	91.8645	0.000119137	0.000115763	0	0.000101543	2.48571e-07	0.0001721	0.000601863	2.37
3	4096	1.93926	91.9392	0.00011926	0.000115891	0	0.000101626	2.48571e-07	0.000172103	0.000608083	2.37
4	4096	2.1935	95.4706	0.000124169	0.000120917	0	0.00010464	2.48571e-07	0.0001798	0.00126754	2.77
4	4096	2.20732	95.4458	0.000123966	0.000120689	0	0.0001045	2.51429e-07	0.000179623	0.00128359	2.72
4	4096	2.12746	95.235	0.000123909	0.000120666	0	0.000104514	2.48571e-07	0.000179754	0.00119947	2.63
4	4096	2.21342	95.4443	0.000123817	0.000120537	0	0.000104431	2.48571e-07	0.000179394	0.00127851	2.72
4	4096	2.17809	95.5234	0.000124283	0.000121023	0	0.00010472	2.51429e-07	0.000180074	0.00129068	2.69
4	4096	2.15486	95.3263	0.000124049	0.000120763	0	0.000104597	2.51429e-07	0.000179677	0.00122771	2.66
4	4096	2.21148	95.4949	0.0001239	0.000120694	0	0.000104491	2.48571e-07	0.000179486	0.00128659	2.72
4	4096	2.18681	95.4655	0.000124117	0.000120811	0	0.000104589	2.51429e-07	0.000179923	0.00127202	2.69
4	4096	2.18213	95.4682	0.000124034	0.000120789	0	0.000104583	2.51429e-07	0.00017996	0.00125684	2.68
4	4096	2.19853	95.5956	0.000124289	0.000121046	0	0.000104743	2.51429e-07	0.000180229	0.00130912	2.71
5	4096	2.50545	96.8854	0.000128497	0.000125269	0	0.000107226	2.42857e-07	0.000186977	0.00216574	3.19
5	4096	2.5373	96.9	0.000128454	0.000125283	0	0.000107229	2.42857e-07	0.000186663	0.00217934	3.14
5	4096	2.46956	96.7756	0.000128563	0.000125337	0	0.000107257	2.42857e-07	0.000186957	0.00207045	3.07
5	4096	2.46554	96.8649	0.00012908	0.00012584	0	0.000107566	2.42857e-07	0.000187737	0.00210517	3.07
5	4096	2.49574	96.8497	0.000128609	0.000125297	0	0.000107274	2.42857e-07	0.000186897	0.00211543	3.10
5	4096	2.48071	96.8283	0.000128643	0.000125363	0	0.000107283	2.42857e-07	0.000187211	0.00211077	3.08
5	4096	2.46299	96.8551	0.000128803	0.000125583	0	0.00010744	2.42857e-07	0.000187774	0.00210155	3.07
5	4096	2.5474	96.8859	0.00012836	0.000125111	0	0.00010712	2.42857e-07	0.000186357	0.00216644	3.15
5	4096	2.45128	96.7462	0.000128094	0.000124806	0	0.000107009	2.42857e-07	0.000186374	0.00203701	3.06
5	4096	2.46224	96.8183	0.000128651	0.000125391	0	0.000107354	2.42857e-07	0.000186969	0.00208641	3.07
6	4096	2.74808	97.4947	0.000132143	0.000128949	0	0.000109409	2.4e-07	0.000192754	0.00301614	3.53
6	4096	2.82474	97.5932	0.000132706	0.000129426	0	0.00010966	2.4e-07	0.000193109	0.00315745	3.53
6	4096	2.78456	97.5866	0.000132897	0.000129671	0	0.000109757	2.4e-07	0.000193526	0.00313152	3.49
6	4096	2.76296	97.534	0.000132346	0.000129154	0	0.000109506	2.4e-07	0.000192889	0.00307334	3.47
6	4096	2.81246	97.5668	0.000132369	0.000129149	0	0.000109469	2.4e-07	0.0001931	0.00311943	3.52
6	4096	2.77137	97.4722	0.000131677	0.000128417	0	0.000109043	2.4e-07	0.000191589	0.00302156	3.48
6	4096	2.70652	97.4793	0.000132634	0.000129403	0	0.000109683	2.4e-07	0.000193657	0.00297229	3.41
6	4096	2.79098	97.605	0.000133303	0.000130026	0	0.000110023	2.4e-07	0.000194557	0.00316472	3.50
6	4096	2.79662	97.5087	0.000132009	0.000128809	0	0.000109269	2.4e-07	0.000192529	0.00304753	3.51
6	4096	2.72943	97.4157	0.000131637	0.00012838	0	0.000109049	2.4e-07	0.000191777	0.00294852	3.44
7	4096	3.02876	97.9559	0.000136066	0.000132886	0	0.000111566	2.4e-07	0.000198483	0.00411282	3.91
7	4096	2.94345	97.868	0.000135823	0.000132517	0	0.000111417	2.4e-07	0.000197849	0.00392679	3.75
7	4096	3.02751	97.9156	0.000135394	0.000132077	0	0.000111109	2.4e-07	0.000197214	0.00406518	3.84
7	4096	2.97172	97.8329	0.00013458	0.000131391	0	0.000110714	2.4e-07	0.000195829	0.00387817	3.78
7	4096	3.0923	98.0053	0.00013616	0.000132914	0	0.000111663	2.4e-07	0.000198494	0.00424655	3.89
7	4096	3.1119	97.9871	0.000136003	0.000132863	0	0.000111537	2.4e-07	0.000198274	0.00419153	3.92
7	4096	3.01611	97.916	0.00013504	0.000131826	0	0.000110951	2.4e-07	0.000196663	0.00406771	3.82
7	4096	3.00743	97.8566	0.000134714	0.000131434	0	0.000110703	2.4e-07	0.000196257	0.00390544	3.82
7	4096	2.97412	97.833	0.000134403	0.000131114	0	0.000110591	2.4e-07	0.000195583	0.00394569	3.78
7	4096	3.05568	97.9857	0.000136063	0.00013284	0	0.000111603	2.4e-07	0.000198389	0.00418951	3.86
8	4096	3.36062	98.279	0.000138751	0.000135403	0	0.000113057	2.48571e-07	0.000202143	0.00536096	4.27
8	4096	3.3444	98.2772	0.000139557	0.000136317	0	0.000113589	2.51429e-07	0.000204186	0.00534867	4.25
8	4096	3.28563	98.2415	0.000139517	0.000136366	0	0.00011354	2.45714e-07	0.000203743	0.00528978	4.18
8	4096	3.375	98.2821	0.000138843	0.00013548	0	0.00011312	2.48571e-07	0.000202694	0.0054691	4.28
8	4096	3.27837	98.205	0.000138014	0.000134854	0	0.00011266	2.51429e-07	0.000201474	0.00518561	4.19
8	4096	3.33235	98.2562	0.000138714	0.000135457	0	0.000113094	2.45714e-07	0.000202623	0.00536664	4.24
8	4096	3.35395	98.306	0.000140411	0.000136991	0	0.000113989	2.48571e-07	0.00020536	0.00540835	4.26
8	4096	3.4049	98.2835	0.000137989	0.000134737	0	0.000112651	2.48571e-07	0.0002015	0.00547135	4.31
8	4096	3.34499	98.2899	0.000139909	0.0001367	0	0.000113766	2.51429e-07	0.000204271	0.0053723	4.25
8	4096	3.28925	98.2422	0.00013898	0.000135689	0	0.000113226	2.48571e-07	0.000203217	0.00528084	4.19
9	4096	3.65183	98.5245	0.00014258	0.000139297	0	0.00011526	2.31429e-07	0.00020854	0.00685295	4.73
9	4096	3.52255	98.446	0.00014182	0.000138506	0	0.00011478	2.31429e-07	0.00020732	0.00646607	4.53
9	4096	3.53084	98.4476	0.000141646	0.000138314	0	0.000114691	2.31429e-07	0.000206823	0.00655038	4.53
9	4096	3.51258	98.4077	0.000140283	0.000137029	0	0.000113906	2.31429e-07	0.000205609	0.00633996	4.51
9	4096	3.63193	98.5071	0.000142549	0.000139151	0	0.000115177	2.31429e-07	0.000208183	0.00672272	4.64
9	4096	3.51913	98.4404	0.000141106	0.000137794	0	0.000114369	2.31429e-07	0.000205914	0.00645085	4.52
9	4096	3.51932	98.4054	0.000140186	0.000136866	0	0.000113857	2.31429e-07	0.000204663	0.00637775	4.52
9	4096	3.51164	98.4325	0.000141403	0.000138177	0	0.00011456	2.31429e-07	0.000206683	0.00640812	4.51
9	4096	3.57471	98.4649	0.0001414	0.000138157	0	0.000114577	2.31429e-07	0.000206531	0.006588	4.58
9	4096	3.55983	98.4605	0.000141883	0.0001385	0	0.000114754	2.31429e-07	0.000206729	0.00651883	4.57
10	4096	3.81463	98.6263	0.000144654	0.000141269	0	0.000116406	2.28571e-07	0.000211466	0.00792198	4.98
10	4096	3.83531	98.6377	0.000144077	0.000140729	0	0.000116051	2.28571e-07	0.000210257	0.00786428	4.94
10	4096	3.86047	98.6404	0.000144751	0.000141494	0	0.000116431	2.28571e-07	0.000211369	0.00801589	4.97
10	4096	3.73177	98.5617	0.000142809	0.000139371	0	0.000115311	2.28571e-07	0.00020804	0.0075604	4.83
10	4096	3.79475	98.611	0.000143746	0.000140417	0	0.000115854	2.28571e-07	0.000209791	0.00788133	4.90
10	4096	3.79324	98.6162	0.000144666	0.000141286	0	0.000116406	2.28571e-07	0.000211246	0.00779841	4.89
10	4096	3.86958	98.6462	0.000144554	0.000141134	0	0.000116286	2.28571e-07	0.000211029	0.00803672	4.97
10	4096	3.87983	98.6405	0.000143986	0.000140726	0	0.000115997	2.28571e-07	0.000209989	0.00809424	4.99
10	4096	3.7966	98.6085	0.00014352	0.000140297	0	0.000115763	2.28571e-07	0.000209811	0.00778676	4.90
10	4096	3.94976	98.6801	0.00014412	0.000140866	0	0.000116049	2.28571e-07	0.000210589	0.00833479	5.06
11	4096	3.98223	98.7194	0.000146789	0.000143449	0	0.000117586	2.48571e-07	0.00021454	0.00906037	5.25
11	4096	4.18609	98.8013	0.000147369	0.000144051	0	0.000117957	2.48571e-07	0.000215097	0.00978763	5.38
11	4096	4.11206	98.7686	0.000146286	0.000143014	0	0.000117294	2.51429e-07	0.0002138	0.00951318	5.32
11	4096	4.09835	98.7615	0.00014666	0.00014332	0	0.000117457	2.51429e-07	0.000214377	0.00940853	5.30
11	4096	4.02439	98.7061	0.00014392	0.000140717	0	0.000116069	2.48571e-07	0.000210329	0.00906963	5.23
11	4096	3.93924	98.7072	0.000146677	0.000143377	0	0.000117509	2.45714e-07	0.000214289	0.00901675	5.14
11	4096	4.12226	98.7935	0.000148369	0.000144954	0	0.00011838	2.45714e-07	0.000216866	0.00970301	5.32
11	4096	4.02624	98.7368	0.000145949	0.0001427	0	0.000117149	2.51429e-07	0.000213011	0.00924774	5.22
11	4096	4.04929	98.7343	0.000145669	0.000142363	0	0.000116897	2.48571e-07	0.000212223	0.00920132	5.25
11	4096	4.0747	98.7481	0.000145989	0.000142803	0	0.000117166	2.48571e-07	0.00021348	0.0093861	5.28
12	4096	4.24189	98.8217	0.000149383	0.000145957	0	0.00011964	2.4e-07	0.000217946	0.0106084	5.54
12	4096	4.37997	98.8618	0.000149123	0.000145751	0	0.000119526	2.4e-07	0.000217634	0.0110972	5.68
12	4096	4.23703	98.8156	0.000149177	0.000145831	0	0.000119586	2.4e-07	0.0002174	0.0106194	5.53
12	4096	4.18714	98.7903	0.000148246	0.000144657	0	0.000119009	2.4e-07	0.000216006	0.0104543	5.49
12	4096	4.28616	98.8295	0.000148557	0.000145129	0	0.000119289	2.4e-07	0.000216663	0.0109006	5.59
12	4096	4.32456	98.8411	0.000148931	0.000145523	0	0.000119437	2.4e-07	0.00021776	0.0108771	5.62
12	4096	4.31263	98.8321	0.000148603	0.000145146	0	0.000119283	2.4e-07	0.000216174	0.0109052	5.62
12	4096	4.3065	98.8383	0.000148774	0.000145286	0	0.000119369	2.4e-07	0.000216737	0.0107732	5.61
12	4096	4.35086	98.8348	0.000147957	0.000144534	0	0.0001188	2.4e-07	0.000215723	0.0108261	5.65
12	4096	4.32552	98.8449	0.000149226	0.000145751	0	0.000119603	2.4e-07	0.000217563	0.0110292	5.63
