N_THREADS	N_TRANSACTIONS	TIME	N_ABORTS	PROCESS_READ_TIME	PROCESS_WRITE_TIME	PROCESS_VALIDATION_TIME	PROCESS_OTHER_TIME	COMMIT_VALIDATION_TIME	COMMIT_OTHER_TIME	WASTED_TIME
1	100	0.010328	0	1.68057e-05	3.71429e-08	0	1.34886e-05	8.57143e-09	6.85143e-06	1.13143e-06
1	100	0.0103326	0	1.68657e-05	3.71429e-08	0	1.34829e-05	8.57143e-09	6.84571e-06	1.13429e-06
1	100	0.010327	0	1.68114e-05	3.71429e-08	0	1.34943e-05	8.57143e-09	6.84857e-06	1.12857e-06
1	100	0.0103324	0	1.68657e-05	3.71429e-08	0	1.34914e-05	8.57143e-09	6.84857e-06	1.13143e-06
1	100	0.0103273	0	1.68143e-05	3.71429e-08	0	1.34829e-05	8.57143e-09	6.84857e-06	1.13143e-06
1	100	0.0103259	0	1.68114e-05	3.71429e-08	0	1.34829e-05	8.57143e-09	6.84571e-06	1.13143e-06
1	100	0.0103305	0	1.68314e-05	3.71429e-08	0	1.34886e-05	8.57143e-09	6.84857e-06	1.13143e-06
1	100	0.01033	0	1.68429e-05	3.71429e-08	0	1.34771e-05	8.57143e-09	6.84571e-06	1.14e-06
1	100	0.0103296	0	1.68286e-05	3.71429e-08	0	1.34943e-05	8.57143e-09	6.84571e-06	1.13143e-06
1	100	0.0103266	0	1.68086e-05	3.71429e-08	0	1.34771e-05	8.57143e-09	6.84857e-06	1.14e-06
2	200	0.0110849	0	1.952e-05	5.42857e-08	0	1.50171e-05	1.14286e-08	8.60571e-06	1.12857e-06
2	200	0.0110919	0	1.95257e-05	5.42857e-08	0	1.50143e-05	1.14286e-08	8.64e-06	1.12857e-06
2	200	0.0110974	0	1.95571e-05	5.42857e-08	0	1.50143e-05	1.14286e-08	8.65714e-06	1.12857e-06
2	200	0.0110926	0	1.95286e-05	5.42857e-08	0	1.50229e-05	1.14286e-08	8.63143e-06	1.13143e-06
2	200	0.0110971	0	1.95429e-05	5.42857e-08	0	1.50143e-05	1.14286e-08	8.66e-06	1.12286e-06
2	200	0.011088	0	1.952e-05	5.42857e-08	0	1.50171e-05	1.14286e-08	8.61143e-06	1.13143e-06
2	200	0.0110804	0	1.95086e-05	5.42857e-08	0	1.50143e-05	1.14286e-08	8.61429e-06	1.12857e-06
2	200	0.011089	0	1.95171e-05	5.42857e-08	0	1.50171e-05	1.14286e-08	8.62286e-06	1.12857e-06
2	200	0.0110901	0	1.95286e-05	5.42857e-08	0	1.49971e-05	1.14286e-08	8.64571e-06	1.13143e-06
2	200	0.011091	0	1.95371e-05	5.42857e-08	0	1.50143e-05	1.14286e-08	8.64286e-06	1.12571e-06
3	300	0.0114226	2.5974	2.05886e-05	6e-08	0	1.54457e-05	1.42857e-08	9.54857e-06	2.18571e-06
3	300	0.0113627	0.990099	2.04886e-05	6.28571e-08	0	1.54629e-05	1.42857e-08	9.46e-06	1.67143e-06
3	300	0.0113604	0.990099	2.04971e-05	6.28571e-08	0	1.54514e-05	1.42857e-08	9.45143e-06	1.67714e-06
3	300	0.0113979	3.22581	2.05657e-05	6e-08	0	1.54343e-05	1.42857e-08	9.63714e-06	2.22571e-06
3	300	0.0113638	0.990099	2.054e-05	6e-08	0	1.546e-05	1.42857e-08	9.44857e-06	1.66857e-06
3	300	0.011396	2.91262	2.04486e-05	6e-08	0	1.54514e-05	1.42857e-08	9.41714e-06	2.27714e-06
3	300	0.0114144	2.5974	2.05286e-05	6e-08	0	1.546e-05	1.42857e-08	9.51143e-06	2.18857e-06
3	300	0.0113845	2.5974	2.04743e-05	6e-08	0	1.54514e-05	1.42857e-08	9.48286e-06	2.24857e-06
3	300	0.0113839	1.31579	2.04286e-05	6e-08	0	1.54514e-05	1.42857e-08	9.48857e-06	1.93429e-06
3	300	0.0113744	2.5974	2.04286e-05	6e-08	0	1.54486e-05	1.42857e-08	9.46571e-06	2.24571e-06
4	400	0.0117818	5.88235	2.12457e-05	7.71429e-08	0	1.56314e-05	1.71429e-08	1.028e-05	3.67714e-06
4	400	0.0119538	8.25688	2.12771e-05	7.71429e-08	0	1.57514e-05	1.42857e-08	1.02057e-05	4.68e-06
4	400	0.0116754	4.30622	2.122e-05	7.71429e-08	0	1.56743e-05	1.42857e-08	1.03057e-05	2.91429e-06
4	400	0.0117133	4.30622	2.11686e-05	7.71429e-08	0	1.56343e-05	1.42857e-08	1.02543e-05	3.01714e-06
4	400	0.0117389	5.66038	2.11686e-05	7.71429e-08	0	1.564e-05	1.71429e-08	1.022e-05	3.72857e-06
4	400	0.0117108	4.53461	2.11657e-05	7.71429e-08	0	1.56857e-05	1.42857e-08	1.016e-05	3.13714e-06
4	400	0.0116181	4.30622	2.104e-05	7.71429e-08	0	1.566e-05	1.42857e-08	1.00829e-05	2.82286e-06
4	400	0.0120062	6.97674	2.11229e-05	7.71429e-08	0	1.56257e-05	1.71429e-08	1.02714e-05	4.41429e-06
4	400	0.0117616	5.66038	2.11429e-05	7.71429e-08	0	1.56486e-05	1.42857e-08	1.02371e-05	3.68286e-06
4	400	0.0117586	5.21327	2.11857e-05	7.71429e-08	0	1.56714e-05	1.71429e-08	1.02914e-05	3.33429e-06
5	500	0.0119224	6.54206	2.16486e-05	7.71429e-08	0	1.58257e-05	1.42857e-08	1.07829e-05	4.33714e-06
5	500	0.0128159	12.4343	2.16029e-05	7.14286e-08	0	1.57657e-05	1.42857e-08	1.05857e-05	6.58286e-06
5	500	0.0124019	8.75912	2.162e-05	7.71429e-08	0	1.57143e-05	1.42857e-08	1.072e-05	5.29143e-06
5	500	0.0119466	7.91897	2.18343e-05	7.71429e-08	0	1.58743e-05	1.42857e-08	1.08486e-05	4.97143e-06
5	500	0.0120074	9.58409	2.16829e-05	8e-08	0	1.58314e-05	1.42857e-08	1.08086e-05	5.44571e-06
5	500	0.0127342	12.74	2.17571e-05	7.71429e-08	0	1.584e-05	1.42857e-08	1.078e-05	7.56e-06
5	500	0.0127713	12.5874	2.17943e-05	7.71429e-08	0	1.59114e-05	1.42857e-08	1.07229e-05	7.08571e-06
5	500	0.0120049	8.08824	2.16429e-05	7.71429e-08	0	1.57629e-05	1.42857e-08	1.07229e-05	4.80571e-06
5	500	0.012504	10.8734	2.17971e-05	7.71429e-08	0	1.58914e-05	1.42857e-08	1.08171e-05	5.98286e-06
5	500	0.012293	10.2334	2.17229e-05	7.71429e-08	0	1.58629e-05	1.42857e-08	1.07343e-05	6.19429e-06
6	600	0.0131188	14.2857	2.24857e-05	8e-08	0	1.62686e-05	1.71429e-08	1.12286e-05	9.25714e-06
6	600	0.0136248	15.6118	2.24257e-05	8e-08	0	1.61914e-05	1.71429e-08	1.124e-05	9.34857e-06
6	600	0.0131262	13.2948	2.25457e-05	8e-08	0	1.62429e-05	1.71429e-08	1.12314e-05	7.66286e-06
6	600	0.0132419	15.9664	2.25257e-05	8e-08	0	1.624e-05	1.71429e-08	1.12e-05	1.01771e-05
6	600	0.0131847	12.0235	2.26e-05	8e-08	0	1.62686e-05	1.71429e-08	1.12886e-05	7.26857e-06
6	600	0.0127292	9.90991	2.226e-05	8e-08	0	1.60971e-05	1.71429e-08	1.10914e-05	6.62571e-06
6	600	0.0131538	15.8485	2.24943e-05	8.28571e-08	0	1.62286e-05	1.71429e-08	1.12686e-05	9.36e-06
6	600	0.0154318	20.4244	2.26943e-05	8e-08	0	1.65029e-05	1.71429e-08	1.12371e-05	1.26114e-05
6	600	0.0130389	16.4345	2.24857e-05	8e-08	0	1.62657e-05	1.71429e-08	1.12e-05	1.016e-05
6	600	0.0129243	14.6515	2.25457e-05	8e-08	0	1.62743e-05	1.71429e-08	1.12743e-05	8.28571e-06
7	700	0.0142857	21.2598	2.37457e-05	7.71429e-08	0	1.702e-05	1.42857e-08	1.19829e-05	1.48029e-05
7	700	0.017992	24.1603	2.43771e-05	7.71429e-08	0	1.748e-05	1.71429e-08	1.20943e-05	1.75486e-05
7	700	0.0149377	18.5099	2.39543e-05	7.71429e-08	0	1.71686e-05	1.71429e-08	1.20029e-05	1.17829e-05
7	700	0.0166971	27.0833	2.46714e-05	7.71429e-08	0	1.76171e-05	1.71429e-08	1.22914e-05	2.09086e-05
7	700	0.0138764	20.4545	2.36771e-05	7.71429e-08	0	1.67971e-05	1.71429e-08	1.19914e-05	1.26543e-05
7	700	0.01344	16.1677	2.37543e-05	7.14286e-08	0	1.68343e-05	1.42857e-08	1.20086e-05	9.81429e-06
7	700	0.0142037	15.8654	2.38029e-05	7.14286e-08	0	1.69857e-05	1.14286e-08	1.18943e-05	1.01943e-05
7	700	0.0155452	21.9621	2.37914e-05	7.71429e-08	0	1.694e-05	1.71429e-08	1.20086e-05	1.49029e-05
7	700	0.0163647	23.6641	2.37086e-05	7.71429e-08	0	1.70429e-05	1.71429e-08	1.16914e-05	1.612e-05
7	700	0.0151509	17.4528	2.438e-05	7.71429e-08	0	1.728e-05	1.71429e-08	1.23571e-05	1.16371e-05
8	800	0.0169437	22.4054	2.50343e-05	6.57143e-08	0	1.76057e-05	8.57143e-09	1.25886e-05	1.50543e-05
8	800	0.0151996	25.0936	2.47e-05	7.42857e-08	0	1.73971e-05	1.14286e-08	1.25257e-05	1.72857e-05
8	800	0.018205	28.6351	2.52943e-05	7.14286e-08	0	1.79057e-05	1.14286e-08	1.27571e-05	2.19543e-05
8	800	0.0175907	27.5362	2.51057e-05	7.42857e-08	0	1.77429e-05	1.42857e-08	1.26086e-05	2.12571e-05
8	800	0.0178979	28.0576	2.43086e-05	7.42857e-08	0	1.71914e-05	1.42857e-08	1.22514e-05	2.14971e-05
8	800	0.017892	27.6018	2.48086e-05	6.57143e-08	0	1.75086e-05	1.42857e-08	1.25029e-05	2.21286e-05
8	800	0.0175624	28.8889	2.50143e-05	7.42857e-08	0	1.768e-05	1.14286e-08	1.25743e-05	2.20229e-05
8	800	0.0175858	28.8889	2.53114e-05	7.42857e-08	0	1.78571e-05	1.14286e-08	1.274e-05	2.17057e-05
8	800	0.0163249	26.4706	2.49257e-05	7.42857e-08	0	1.75514e-05	1.42857e-08	1.26657e-05	1.91086e-05
8	800	0.0174622	28.5076	2.456e-05	7.42857e-08	0	1.74829e-05	1.42857e-08	1.222e-05	2.09057e-05
9	900	0.0166819	27.1845	2.57257e-05	7.14286e-08	0	1.80029e-05	5.71429e-09	1.31114e-05	2.07743e-05
9	900	0.0173451	28.7975	2.53771e-05	7.14286e-08	0	1.78371e-05	5.71429e-09	1.28829e-05	2.264e-05
9	900	0.0188864	28.0576	2.554e-05	7.14286e-08	0	1.78857e-05	5.71429e-09	1.298e-05	2.21143e-05
9	900	0.0197587	30.3406	2.60171e-05	7.14286e-08	0	1.82171e-05	5.71429e-09	1.31286e-05	2.60057e-05
9	900	0.01841	29.6875	2.492e-05	6.85714e-08	0	1.75314e-05	5.71429e-09	1.26171e-05	2.62914e-05
9	900	0.0199729	31.5589	2.56343e-05	7.14286e-08	0	1.80514e-05	8.57143e-09	1.29686e-05	2.5e-05
9	900	0.0200298	34.7353	2.51971e-05	7.14286e-08	0	1.77571e-05	8.57143e-09	1.26886e-05	3.17943e-05
9	900	0.018592	31.9213	2.54543e-05	6.28571e-08	0	1.78857e-05	5.71429e-09	1.28457e-05	2.63771e-05
9	900	0.0185704	31.6629	2.58143e-05	7.14286e-08	0	1.812e-05	5.71429e-09	1.30371e-05	2.75771e-05
9	900	0.0188143	29.1896	2.49314e-05	6.28571e-08	0	1.75257e-05	2.85714e-09	1.25571e-05	2.33457e-05
10	1000	0.019082	34.7684	2.58743e-05	6.57143e-08	0	1.81514e-05	0	1.30371e-05	3.00743e-05
10	1000	0.0192896	30.5073	2.576e-05	6e-08	0	1.79886e-05	0	1.30457e-05	2.61971e-05
10	1000	0.0211637	39.6135	2.60171e-05	6.85714e-08	0	1.828e-05	2.85714e-09	1.31e-05	3.82229e-05
10	1000	0.0205589	32.5236	2.56686e-05	6.57143e-08	0	1.79486e-05	2.85714e-09	1.29343e-05	2.66171e-05
10	1000	0.0197499	33.9934	2.60029e-05	6.28571e-08	0	1.81029e-05	0	1.32e-05	2.93143e-05
10	1000	0.0214684	37.3826	2.64686e-05	6.85714e-08	0	1.84886e-05	2.85714e-09	1.33971e-05	3.65543e-05
10	1000	0.0212604	34.1238	2.68657e-05	6.28571e-08	0	1.87286e-05	2.85714e-09	1.352e-05	3.16971e-05
10	1000	0.0211822	33.3777	2.668e-05	6.85714e-08	0	1.85857e-05	2.85714e-09	1.35114e-05	2.93629e-05
10	1000	0.0202485	34.9382	2.61257e-05	6.85714e-08	0	1.82829e-05	2.85714e-09	1.32257e-05	3.05486e-05
10	1000	0.0194361	36.5079	2.58743e-05	6e-08	0	1.812e-05	0	1.3e-05	3.504e-05
11	1100	0.0218784	36.2688	2.73829e-05	7.14286e-08	0	1.90457e-05	2.85714e-09	1.39143e-05	3.57829e-05
11	1100	0.022714	38.4787	2.77514e-05	7.14286e-08	0	1.93629e-05	2.85714e-09	1.39943e-05	4.156e-05
11	1100	0.0197436	33.3737	2.55771e-05	5.71429e-08	0	1.78429e-05	0	1.30486e-05	2.96e-05
11	1100	0.0227971	32.1407	2.58771e-05	7.14286e-08	0	1.80857e-05	2.85714e-09	1.31486e-05	2.94914e-05
11	1100	0.0216812	36.9989	2.74371e-05	6.57143e-08	0	1.91086e-05	0	1.38286e-05	3.616e-05
11	1100	0.0217531	39.1593	2.68971e-05	7.42857e-08	0	1.88e-05	2.85714e-09	1.36829e-05	3.962e-05
11	1100	0.0213507	38.4787	2.568e-05	7.14286e-08	0	1.79914e-05	2.85714e-09	1.302e-05	3.84143e-05
11	1100	0.0211711	38.4443	2.66543e-05	7.42857e-08	0	1.866e-05	2.85714e-09	1.34686e-05	3.78743e-05
11	1100	0.0208668	34.1317	2.70486e-05	7.42857e-08	0	1.87943e-05	2.85714e-09	1.37714e-05	3.01086e-05
11	1100	0.0217135	39.0244	2.59371e-05	6.28571e-08	0	1.81743e-05	0	1.30457e-05	3.80971e-05
12	1200	0.0239179	39.3327	2.70914e-05	7.14286e-08	0	1.91457e-05	2.85714e-09	1.40029e-05	4.31686e-05
12	1200	0.0235943	41.2053	2.92829e-05	6.28571e-08	0	2.05571e-05	0	1.51457e-05	4.67143e-05
12	1200	0.024428	38.8067	2.93371e-05	7.42857e-08	0	2.07171e-05	2.85714e-09	1.50286e-05	4.38229e-05
12	1200	0.0273123	47.0899	2.896e-05	6.85714e-08	0	2.04514e-05	2.85714e-09	1.48371e-05	6.28886e-05
12	1200	0.0244458	42.1408	2.78971e-05	6.85714e-08	0	1.96771e-05	2.85714e-09	1.444e-05	5.06029e-05
12	1200	0.0221004	36.7756	2.82257e-05	6.28571e-08	0	1.986e-05	0	1.46257e-05	3.78457e-05
12	1200	0.0226827	40.03	2.75057e-05	5.71429e-08	0	1.93886e-05	0	1.42229e-05	4.55686e-05
12	1200	0.0237329	38.8067	2.76086e-05	6.28571e-08	0	1.96371e-05	0	1.40914e-05	4.08886e-05
12	1200	0.0229181	40.4171	2.71171e-05	6.28571e-08	0	1.90943e-05	0	1.40714e-05	4.398e-05
12	1200	0.0248266	42.2799	2.75514e-05	6.28571e-08	0	1.94771e-05	0	1.41771e-05	4.892e-05
