N_THREADS	N_TRANSACTIONS	TIME	N_ABORTS	PROCESS_READ_TIME	PROCESS_WRITE_TIME	PROCESS_VALIDATION_TIME	PROCESS_OTHER_TIME	COMMIT_VALIDATION_TIME	COMMIT_OTHER_TIME	WASTED_TIME
1	1000	0.150788	0	8.03143e-06	5.28286e-06	0	1.00486e-05	4.08571e-07	7.81143e-06	1.16286e-06
1	1000	0.150779	0	8.03143e-06	5.28286e-06	0	1.00457e-05	4.08571e-07	7.81143e-06	1.16286e-06
1	1000	0.15081	0	8.04e-06	5.28286e-06	0	1.00514e-05	4.08571e-07	7.82286e-06	1.16286e-06
1	1000	0.150801	0	8.03429e-06	5.28571e-06	0	1.00457e-05	4.08571e-07	7.82286e-06	1.16286e-06
1	1000	0.150792	0	8.03143e-06	5.28286e-06	0	1.00486e-05	4.05714e-07	7.82e-06	1.16571e-06
1	1000	0.150792	0	8.03429e-06	5.28286e-06	0	1.00457e-05	4.08571e-07	7.81143e-06	1.16286e-06
1	1000	0.150811	0	8.04286e-06	5.28286e-06	0	1.00457e-05	4.08571e-07	7.82286e-06	1.16571e-06
1	1000	0.150805	0	8.04286e-06	5.28571e-06	0	1.004e-05	4.08571e-07	7.82286e-06	1.16571e-06
1	1000	0.150789	0	8.03714e-06	5.28286e-06	0	1.00457e-05	4.08571e-07	7.81143e-06	1.16286e-06
1	1000	0.150788	0	8.03143e-06	5.28286e-06	0	1.00486e-05	4.08571e-07	7.81429e-06	1.16286e-06
2	2000	0.150885	0	8.03714e-06	5.28571e-06	0	1.00457e-05	4.42857e-07	7.82e-06	1.16e-06
2	2000	0.150894	0	8.04e-06	5.28571e-06	0	1.00457e-05	4.45714e-07	7.81714e-06	1.16571e-06
2	2000	0.150864	0	8.03429e-06	5.28571e-06	0	1.00429e-05	4.4e-07	7.81429e-06	1.16e-06
2	2000	0.150873	0	8.04e-06	5.28286e-06	0	1.00457e-05	4.45714e-07	7.81143e-06	1.16286e-06
2	2000	0.150877	0	8.03714e-06	5.28286e-06	0	1.00486e-05	4.45714e-07	7.81429e-06	1.16571e-06
2	2000	0.150872	0	8.04e-06	5.28e-06	0	1.00486e-05	4.48571e-07	7.80857e-06	1.16286e-06
2	2000	0.150892	0	8.04286e-06	5.28286e-06	0	1.00457e-05	4.42857e-07	7.82e-06	1.16e-06
2	2000	0.15088	0	8.03714e-06	5.28286e-06	0	1.00514e-05	4.42857e-07	7.81429e-06	1.16e-06
2	2000	0.150878	0	8.04e-06	5.28286e-06	0	1.00486e-05	4.48571e-07	7.80857e-06	1.16286e-06
2	2000	0.150885	0	8.03714e-06	5.28286e-06	0	1.00514e-05	4.45714e-07	7.81714e-06	1.16e-06
3	3000	0.151096	0	8.03429e-06	5.28e-06	0	1.00486e-05	5.91429e-07	7.80857e-06	1.15714e-06
3	3000	0.151103	0	8.04e-06	5.28e-06	0	1.00457e-05	5.91429e-07	7.80857e-06	1.15714e-06
3	3000	0.151108	0	8.04e-06	5.28e-06	0	1.00514e-05	5.88571e-07	7.80857e-06	1.16e-06
3	3000	0.1511	0	8.03429e-06	5.28e-06	0	1.00514e-05	5.94286e-07	7.81143e-06	1.16e-06
3	3000	0.151087	0	8.03714e-06	5.28e-06	0	1.00457e-05	5.8e-07	7.80857e-06	1.15714e-06
3	3000	0.151089	0	8.03429e-06	5.28e-06	0	1.00514e-05	5.82857e-07	7.81143e-06	1.15714e-06
3	3000	0.151097	0	8.03714e-06	5.28e-06	0	1.00543e-05	5.85714e-07	7.81143e-06	1.16e-06
3	3000	0.151116	0	8.04e-06	5.28286e-06	0	1.00457e-05	5.91429e-07	7.81143e-06	1.16e-06
3	3000	0.151115	0	8.03714e-06	5.28e-06	0	1.00514e-05	5.94286e-07	7.81429e-06	1.15714e-06
3	3000	0.151098	0	8.04e-06	5.28e-06	0	1.00457e-05	5.88571e-07	7.81429e-06	1.16e-06
4	4000	0.151227	0.0249938	8.04e-06	5.28e-06	0	1.00457e-05	7.37143e-07	7.80857e-06	1.17143e-06
4	4000	0.151239	0.0249938	8.03429e-06	5.28e-06	0	1.00543e-05	7.42857e-07	7.81429e-06	1.17143e-06
4	4000	0.151224	0.0249938	8.04e-06	5.28e-06	0	1.00486e-05	7.4e-07	7.80571e-06	1.16857e-06
4	4000	0.151237	0.0249938	8.04e-06	5.28e-06	0	1.00514e-05	7.45714e-07	7.81143e-06	1.16571e-06
4	4000	0.151249	0.0249938	8.04286e-06	5.27714e-06	0	1.00514e-05	7.42857e-07	7.81429e-06	1.16286e-06
4	4000	0.151247	0.0249938	8.04e-06	5.28e-06	0	1.00543e-05	7.42857e-07	7.81143e-06	1.16857e-06
4	4000	0.151254	0.0249938	8.04e-06	5.28e-06	0	1.00543e-05	7.51429e-07	7.81429e-06	1.16286e-06
4	4000	0.15125	0.0249938	8.04e-06	5.28e-06	0	1.00543e-05	7.4e-07	7.81429e-06	1.16286e-06
4	4000	0.151222	0.0249938	8.03714e-06	5.28e-06	0	1.00543e-05	7.37143e-07	7.80571e-06	1.16286e-06
4	4000	0.151252	0.0249938	8.04e-06	5.28e-06	0	1.00543e-05	7.45714e-07	7.80857e-06	1.16571e-06
5	5000	0.151616	0.039984	8.04857e-06	5.27429e-06	0	1.00571e-05	1.11429e-06	7.80857e-06	1.16857e-06
5	5000	0.151599	0.039984	8.04286e-06	5.28e-06	0	1.00571e-05	1.09429e-06	7.81143e-06	1.16857e-06
5	5000	0.151623	0.039984	8.05143e-06	5.27714e-06	0	1.00543e-05	1.10857e-06	7.80857e-06	1.16857e-06
5	5000	0.151642	0.059964	8.04571e-06	5.27714e-06	0	1.006e-05	1.12857e-06	7.80571e-06	1.17143e-06
5	5000	0.151636	0.059964	8.04857e-06	5.27429e-06	0	1.006e-05	1.11714e-06	7.80857e-06	1.17429e-06
5	5000	0.151618	0.059964	8.04857e-06	5.27429e-06	0	1.006e-05	1.12e-06	7.80571e-06	1.17143e-06
5	5000	0.15163	0.059964	8.04857e-06	5.27429e-06	0	1.00571e-05	1.11429e-06	7.80571e-06	1.17429e-06
5	5000	0.151614	0.0799361	8.04857e-06	5.27429e-06	0	1.00629e-05	1.10286e-06	7.80857e-06	1.17429e-06
5	5000	0.15163	0.059964	8.04286e-06	5.27714e-06	0	1.006e-05	1.11429e-06	7.81143e-06	1.17143e-06
5	5000	0.151628	0.039984	8.04857e-06	5.28e-06	0	1.00514e-05	1.11429e-06	7.81143e-06	1.16857e-06
6	6000	0.152541	0.265957	8.06286e-06	5.28e-06	0	1.006e-05	1.92286e-06	7.81429e-06	1.22857e-06
6	6000	0.152612	0.182998	8.06571e-06	5.28e-06	0	1.00543e-05	1.94571e-06	7.80571e-06	1.20857e-06
6	6000	0.152545	0.23279	8.06286e-06	5.28e-06	0	1.00571e-05	1.94e-06	7.80857e-06	1.22e-06
6	6000	0.152542	0.282533	8.06571e-06	5.28e-06	0	1.00514e-05	1.94286e-06	7.80571e-06	1.22857e-06
6	6000	0.152557	0.23279	8.06857e-06	5.28e-06	0	1.00514e-05	1.94e-06	7.81143e-06	1.22e-06
6	6000	0.152581	0.332226	8.05714e-06	5.28e-06	0	1.00543e-05	1.91714e-06	7.81429e-06	1.24286e-06
6	6000	0.152612	0.216198	8.06286e-06	5.28e-06	0	1.006e-05	1.93714e-06	7.80857e-06	1.22e-06
6	6000	0.152562	0.249377	8.06857e-06	5.28e-06	0	1.00543e-05	1.95714e-06	7.80286e-06	1.22571e-06
6	6000	0.152574	0.332226	8.06571e-06	5.28e-06	0	1.00571e-05	1.92286e-06	7.80571e-06	1.25143e-06
6	6000	0.15256	0.182998	8.06571e-06	5.28e-06	0	1.00543e-05	1.94571e-06	7.81429e-06	1.20857e-06
7	7000	0.15317	0.412576	8.08571e-06	5.28e-06	0	1.00571e-05	2.38857e-06	7.80857e-06	1.27143e-06
7	7000	0.153106	0.355872	8.07714e-06	5.28e-06	0	1.00571e-05	2.40286e-06	7.80286e-06	1.25143e-06
7	7000	0.153204	0.426743	8.07714e-06	5.28e-06	0	1.006e-05	2.39143e-06	7.80857e-06	1.27714e-06
7	7000	0.153079	0.440905	8.07429e-06	5.28e-06	0	1.006e-05	2.37429e-06	7.80857e-06	1.28571e-06
7	7000	0.153205	0.469217	8.08e-06	5.28e-06	0	1.00657e-05	2.38286e-06	7.81143e-06	1.29429e-06
7	7000	0.153076	0.327495	8.08e-06	5.28e-06	0	1.00571e-05	2.36857e-06	7.80857e-06	1.25143e-06
7	7000	0.153165	0.469217	8.07429e-06	5.28e-06	0	1.00629e-05	2.38857e-06	7.81143e-06	1.29429e-06
7	7000	0.153232	0.525792	8.07714e-06	5.28e-06	0	1.006e-05	2.4e-06	7.80286e-06	1.30286e-06
7	7000	0.153124	0.440905	8.07714e-06	5.28e-06	0	1.006e-05	2.40571e-06	7.81714e-06	1.29143e-06
7	7000	0.153101	0.398406	8.08e-06	5.28e-06	0	1.00571e-05	2.37714e-06	7.80857e-06	1.26857e-06
8	8000	0.153368	0.447984	8.08571e-06	5.28e-06	0	1.00571e-05	2.59714e-06	7.81714e-06	1.28571e-06
8	8000	0.153371	0.497512	8.08e-06	5.28e-06	0	1.00571e-05	2.6e-06	7.81429e-06	1.28571e-06
8	8000	0.15347	0.522258	8.08571e-06	5.28e-06	0	1.00629e-05	2.60857e-06	7.81429e-06	1.31714e-06
8	8000	0.153408	0.534626	8.08286e-06	5.28e-06	0	1.00629e-05	2.59714e-06	7.81429e-06	1.31143e-06
8	8000	0.15343	0.584069	8.08857e-06	5.28e-06	0	1.00571e-05	2.60286e-06	7.81143e-06	1.31714e-06
8	8000	0.153466	0.682806	8.08571e-06	5.28e-06	0	1.00657e-05	2.61143e-06	7.80857e-06	1.34571e-06
8	8000	0.153504	0.584069	8.08e-06	5.28e-06	0	1.00629e-05	2.60571e-06	7.81429e-06	1.32857e-06
8	8000	0.15354	0.633462	8.08e-06	5.28e-06	0	1.006e-05	2.61143e-06	7.81143e-06	1.34286e-06
8	8000	0.153409	0.509887	8.08e-06	5.28e-06	0	1.00629e-05	2.59429e-06	7.82e-06	1.30286e-06
8	8000	0.153491	0.65814	8.09143e-06	5.28e-06	0	1.00571e-05	2.59714e-06	7.81714e-06	1.34286e-06
9	9000	0.153726	0.771775	8.09143e-06	5.27143e-06	0	1.00743e-05	2.74857e-06	7.81429e-06	1.37143e-06
9	9000	0.153875	0.913795	8.09714e-06	5.27143e-06	0	1.00743e-05	2.70286e-06	7.82e-06	1.41714e-06
9	9000	0.153779	0.85922	8.10286e-06	5.27143e-06	0	1.00657e-05	2.71429e-06	7.83143e-06	1.40857e-06
9	9000	0.153729	0.629347	8.09429e-06	5.27143e-06	0	1.008e-05	2.72571e-06	7.82e-06	1.32857e-06
9	9000	0.153711	0.70609	8.1e-06	5.27143e-06	0	1.00743e-05	2.72286e-06	7.82286e-06	1.35429e-06
9	9000	0.153791	0.826446	8.08857e-06	5.27143e-06	0	1.00743e-05	2.73429e-06	7.82e-06	1.38286e-06
9	9000	0.153743	0.771775	8.09143e-06	5.27143e-06	0	1.008e-05	2.71714e-06	7.82e-06	1.37714e-06
9	9000	0.153706	0.651286	8.10571e-06	5.27143e-06	0	1.00657e-05	2.71714e-06	7.82e-06	1.34571e-06
9	9000	0.153672	0.902885	8.09429e-06	5.27143e-06	0	1.00657e-05	2.73429e-06	7.82e-06	1.42e-06
9	9000	0.153657	0.85922	8.09429e-06	5.27143e-06	0	1.00743e-05	2.70286e-06	7.82286e-06	1.4e-06
10	10000	0.1539	1.08803	8.11429e-06	5.28286e-06	0	1.00629e-05	2.79143e-06	7.82571e-06	1.47143e-06
10	10000	0.153899	0.980295	8.10571e-06	5.28571e-06	0	1.00571e-05	2.79714e-06	7.82571e-06	1.43714e-06
10	10000	0.153961	1.12715	8.10571e-06	5.28286e-06	0	1.00629e-05	2.8e-06	7.82857e-06	1.48e-06
10	10000	0.153922	0.970489	8.10571e-06	5.28571e-06	0	1.00629e-05	2.80286e-06	7.83143e-06	1.44e-06
10	10000	0.153949	1.03909	8.1e-06	5.28571e-06	0	1.00714e-05	2.79143e-06	7.83429e-06	1.46e-06
10	10000	0.153944	1.16624	8.10857e-06	5.28571e-06	0	1.006e-05	2.79714e-06	7.83143e-06	1.49714e-06
10	10000	0.153987	0.931246	8.10571e-06	5.28571e-06	0	1.00629e-05	2.80571e-06	7.83143e-06	1.41714e-06
10	10000	0.154058	1.13693	8.1e-06	5.28e-06	0	1.00743e-05	2.79714e-06	7.82857e-06	1.49429e-06
10	10000	0.15389	1.04888	8.10571e-06	5.28571e-06	0	1.00571e-05	2.81429e-06	7.82857e-06	1.44857e-06
10	10000	0.153924	1.0195	8.09714e-06	5.28286e-06	0	1.00714e-05	2.81143e-06	7.82571e-06	1.44e-06
11	11000	0.154114	1.21239	8.10286e-06	5.28e-06	0	1.00771e-05	2.86286e-06	7.84e-06	1.5e-06
11	11000	0.153989	1.03464	8.10857e-06	5.28e-06	0	1.00857e-05	2.87714e-06	7.83143e-06	1.45429e-06
11	11000	0.154085	1.28332	8.10857e-06	5.28e-06	0	1.008e-05	2.88e-06	7.83429e-06	1.52571e-06
11	11000	0.154245	1.239	8.11143e-06	5.28e-06	0	1.00743e-05	2.86857e-06	7.84286e-06	1.51429e-06
11	11000	0.15408	1.27446	8.11143e-06	5.28e-06	0	1.00743e-05	2.86571e-06	7.83714e-06	1.52286e-06
11	11000	0.154106	1.27446	8.11143e-06	5.28e-06	0	1.00771e-05	2.86286e-06	7.84e-06	1.52857e-06
11	11000	0.154125	1.30989	8.11714e-06	5.28e-06	0	1.00686e-05	2.85714e-06	7.84571e-06	1.53714e-06
11	11000	0.15413	1.31874	8.11143e-06	5.28e-06	0	1.00714e-05	2.86e-06	7.84286e-06	1.54e-06
11	11000	0.15415	1.27446	8.11143e-06	5.28e-06	0	1.008e-05	2.87714e-06	7.82857e-06	1.53429e-06
11	11000	0.154198	1.11471	8.11429e-06	5.28e-06	0	1.00657e-05	2.86e-06	7.83714e-06	1.48e-06
12	12000	0.166624	1.59095	8.70571e-06	5.72e-06	0	1.09029e-05	3.15714e-06	8.35143e-06	1.76571e-06
12	12000	0.166594	1.41308	8.70857e-06	5.71429e-06	0	1.09057e-05	3.15143e-06	8.34571e-06	1.69714e-06
12	12000	0.166635	1.38877	8.69143e-06	5.72286e-06	0	1.09e-05	3.15429e-06	8.34286e-06	1.69429e-06
12	12000	0.166572	1.34013	8.7e-06	5.71714e-06	0	1.08971e-05	3.13429e-06	8.34286e-06	1.67714e-06
12	12000	0.166538	1.38067	8.7e-06	5.72e-06	0	1.09029e-05	3.14e-06	8.35429e-06	1.68286e-06
12	12000	0.166633	1.39688	8.70571e-06	5.71714e-06	0	1.09029e-05	3.14286e-06	8.35143e-06	1.69714e-06
12	12000	0.166832	1.2427	8.71143e-06	5.71714e-06	0	1.08971e-05	3.14857e-06	8.34571e-06	1.64286e-06
12	12000	0.166652	1.50209	8.70571e-06	5.71714e-06	0	1.08971e-05	3.14286e-06	8.35429e-06	1.72286e-06
12	12000	0.166619	1.38067	8.69714e-06	5.71714e-06	0	1.09086e-05	3.15714e-06	8.34857e-06	1.68571e-06
12	12000	0.166529	1.38877	8.70571e-06	5.72e-06	0	1.08971e-05	3.16e-06	8.34571e-06	1.68571e-06
