N_THREADS	N_TRANSACTIONS	TIME	N_ABORTS	PROCESS_READ_TIME	PROCESS_WRITE_TIME	PROCESS_VALIDATION_TIME	PROCESS_OTHER_TIME	COMMIT_VALIDATION_TIME	COMMIT_OTHER_TIME	WASTED_TIME
1	1000	0.228115	0	2.36514e-05	2.32371e-05	0	0.000140357	6.8e-07	3.11771e-05	2.50571e-06	0.70
1	1000	0.22822	0	2.36743e-05	2.326e-05	0	0.000140366	6.71429e-07	3.12257e-05	2.52286e-06	0.62
1	1000	0.22821	0	2.36886e-05	2.32686e-05	0	0.000140334	6.77143e-07	3.122e-05	2.51714e-06	0.62
1	1000	0.228264	0	2.368e-05	2.32714e-05	0	0.000140366	6.74286e-07	3.12486e-05	2.52857e-06	0.62
1	1000	0.228242	0	2.36943e-05	2.326e-05	0	0.000140349	6.74286e-07	3.12371e-05	2.53429e-06	0.62
1	1000	0.228219	0	2.36829e-05	2.32686e-05	0	0.000140349	6.74286e-07	3.12229e-05	2.52e-06	0.62
1	1000	0.228214	0	2.368e-05	2.32686e-05	0	0.000140346	6.77143e-07	3.12171e-05	2.52571e-06	0.62
1	1000	0.228258	0	2.36943e-05	2.32657e-05	0	0.000140369	6.77143e-07	3.12257e-05	2.51714e-06	0.62
1	1000	0.228248	0	2.36857e-05	2.328e-05	0	0.000140363	6.74286e-07	3.12143e-05	2.51429e-06	0.62
1	1000	0.228259	0	2.36857e-05	2.32686e-05	0	0.000140357	6.77143e-07	3.12343e-05	2.53714e-06	0.62
2	2000	0.241357	0.398406	2.44829e-05	2.40714e-05	2.85714e-08	0.000141186	9.15429e-06	3.20657e-05	3.37143e-06	0.66
2	2000	0.24136	0.348779	2.442e-05	2.39857e-05	3.14286e-08	0.000141117	9.10571e-06	3.222e-05	3.31714e-06	0.64
2	2000	0.241441	0.398406	2.444e-05	2.40171e-05	2.85714e-08	0.00014112	9.18286e-06	3.22e-05	3.43429e-06	0.64
2	2000	0.241513	0.398406	2.43629e-05	2.39657e-05	2.85714e-08	0.000141089	9.12571e-06	3.22657e-05	3.41714e-06	0.64
2	2000	0.241515	0.299103	2.446e-05	2.40086e-05	3.42857e-08	0.000141137	9.16857e-06	3.21343e-05	3.22857e-06	0.63
2	2000	0.241138	0.348779	2.454e-05	2.40686e-05	3.42857e-08	0.000141169	9.18286e-06	3.20771e-05	3.31143e-06	0.64
2	2000	0.241261	0.348779	2.45314e-05	2.40743e-05	3.14286e-08	0.000141154	9.18e-06	3.20971e-05	3.31143e-06	0.64
2	2000	0.241446	0.299103	2.446e-05	2.40029e-05	3.42857e-08	0.000141126	9.14e-06	3.21371e-05	3.22286e-06	0.64
2	2000	0.241379	0.348779	2.44114e-05	2.39943e-05	3.14286e-08	0.000141071	9.14571e-06	3.22571e-05	3.32e-06	0.65
2	2000	0.241106	0.348779	2.45229e-05	2.40486e-05	3.42857e-08	0.000141163	9.17714e-06	3.20971e-05	3.30857e-06	0.63
3	3000	0.25044	1.15321	2.56971e-05	2.52857e-05	5.71429e-08	0.0001424	9.63714e-06	3.4e-05	5.29429e-06	0.75
3	3000	0.250052	1.18577	2.55829e-05	2.52886e-05	3.71429e-08	0.000142423	9.68571e-06	3.41486e-05	5.33429e-06	0.65
3	3000	0.25079	1.18577	2.562e-05	2.52714e-05	4.28571e-08	0.000142434	9.70857e-06	3.42229e-05	5.3e-06	0.65
3	3000	0.249944	0.793651	2.56314e-05	2.52771e-05	5.71429e-08	0.000142351	9.70571e-06	3.40657e-05	4.45143e-06	0.65
3	3000	0.249851	0.924703	2.57114e-05	2.54057e-05	4.28571e-08	0.000142454	9.7e-06	3.42686e-05	4.69714e-06	0.66
3	3000	0.249294	0.891972	2.55886e-05	2.52286e-05	5.14286e-08	0.000142337	9.72571e-06	3.428e-05	4.71143e-06	0.65
3	3000	0.250656	0.727995	2.57286e-05	2.548e-05	4.85714e-08	0.000142494	9.77429e-06	3.46686e-05	4.28e-06	0.65
3	3000	0.250559	1.18577	2.56143e-05	2.53257e-05	5.14286e-08	0.000142431	9.72e-06	3.43771e-05	5.29429e-06	0.65
3	3000	0.251015	1.28332	2.57543e-05	2.54714e-05	4.57143e-08	0.000142523	9.69714e-06	3.42314e-05	5.44857e-06	0.66
3	3000	0.250741	1.05541	2.57229e-05	2.54714e-05	4.57143e-08	0.000142526	9.76286e-06	3.45857e-05	5.06286e-06	0.65
4	4000	0.26202	1.30767	2.75514e-05	2.74771e-05	7.14286e-08	0.000144294	1.038e-05	3.78686e-05	5.90286e-06	0.83
4	4000	0.262307	1.96078	2.73857e-05	2.71914e-05	7.71429e-08	0.000144143	1.02743e-05	3.72571e-05	7.45143e-06	0.75
4	4000	0.262239	1.47783	2.75686e-05	2.74229e-05	7.42857e-08	0.0001443	1.02657e-05	3.74229e-05	6.29714e-06	0.74
4	4000	0.262885	1.50209	2.76086e-05	2.75286e-05	9.42857e-08	0.000144294	1.03857e-05	3.79886e-05	6.38e-06	0.75
4	4000	0.263117	1.64741	2.75486e-05	2.74086e-05	8.85714e-08	0.000144249	1.03829e-05	3.798e-05	6.63143e-06	0.74
4	4000	0.260999	1.50209	2.74886e-05	2.73429e-05	9.14286e-08	0.000144189	1.026e-05	3.71143e-05	6.36e-06	0.74
4	4000	0.264481	1.62322	2.77371e-05	2.77343e-05	8.85714e-08	0.000144397	1.04171e-05	3.83114e-05	6.54571e-06	0.75
4	4000	0.261802	1.52634	2.74457e-05	2.73571e-05	7.14286e-08	0.000144214	1.024e-05	3.71429e-05	6.38857e-06	0.75
4	4000	0.261262	1.45356	2.75286e-05	2.73486e-05	9.14286e-08	0.000144174	1.028e-05	3.73371e-05	6.21714e-06	0.74
4	4000	0.26178	1.62322	2.73743e-05	2.71914e-05	8e-08	0.000144134	1.02771e-05	3.74171e-05	6.68e-06	0.75
5	5000	0.277726	1.80676	3.02143e-05	3.03571e-05	1.08571e-07	0.000146809	1.11286e-05	4.21086e-05	7.47143e-06	0.95
5	5000	0.279747	2.13349	3.02e-05	3.03429e-05	1e-07	0.00014682	1.11343e-05	4.20743e-05	8.36286e-06	0.85
5	5000	0.28087	2.09516	3.04029e-05	3.07829e-05	8.85714e-08	0.000147069	1.12971e-05	4.30743e-05	8.32286e-06	0.86
5	5000	0.279891	2.03762	3.04429e-05	3.06971e-05	8.28571e-08	0.00014716	1.12371e-05	4.28886e-05	8.16286e-06	0.86
5	5000	0.280019	2.01842	3.038e-05	3.05429e-05	1.25714e-07	0.000146889	1.12314e-05	4.262e-05	8.08857e-06	0.86
5	5000	0.279488	2.03762	3.01771e-05	3.03657e-05	1.14286e-07	0.000146803	1.11571e-05	4.22857e-05	8.12286e-06	0.86
5	5000	0.280325	2.19092	3.034e-05	3.066e-05	1.02857e-07	0.000146937	1.12886e-05	4.29143e-05	8.46857e-06	0.87
5	5000	0.280626	2.19092	3.02314e-05	3.04543e-05	1.05714e-07	0.000146829	1.11743e-05	4.228e-05	8.54857e-06	0.86
5	5000	0.279896	2.09516	3.01714e-05	3.03457e-05	1e-07	0.000146843	1.11429e-05	4.23e-05	8.20286e-06	0.86
5	5000	0.278718	2.05681	3.03571e-05	3.058e-05	1.08571e-07	0.000146874	1.11857e-05	4.24143e-05	8.14e-06	0.86
6	6000	0.305317	2.99111	3.40171e-05	3.48057e-05	1.31429e-07	0.000150594	1.25086e-05	4.94686e-05	1.14057e-05	1.00
6	6000	0.301626	2.91262	3.38171e-05	3.44457e-05	1.25714e-07	0.000150369	1.23743e-05	4.86343e-05	1.10571e-05	1.01
6	6000	0.299972	2.5974	3.36171e-05	3.42086e-05	1.37143e-07	0.000150169	1.23029e-05	4.82714e-05	1.026e-05	1.00
6	6000	0.302938	2.88119	3.41314e-05	3.48086e-05	1.31429e-07	0.000150509	1.23829e-05	4.87886e-05	1.11829e-05	1.00
6	6000	0.300285	2.61321	3.36714e-05	3.42914e-05	1.37143e-07	0.000150189	1.22629e-05	4.80457e-05	1.02829e-05	1.00
6	6000	0.302924	3.02247	3.37771e-05	3.43857e-05	1.4e-07	0.000150237	1.22829e-05	4.82743e-05	1.14371e-05	1.00
6	6000	0.304385	2.99111	3.38571e-05	3.46686e-05	1.34286e-07	0.000150466	1.24971e-05	4.95114e-05	1.13771e-05	1.01
6	6000	0.300561	2.80253	3.36543e-05	3.42e-05	1.37143e-07	0.000150246	1.22943e-05	4.816e-05	1.076e-05	1.00
6	6000	0.302385	2.75527	3.404e-05	3.46971e-05	1.45714e-07	0.000150414	1.23771e-05	4.87286e-05	1.06743e-05	1.00
6	6000	0.302371	2.80253	3.38943e-05	3.45086e-05	1.51429e-07	0.000150369	1.23829e-05	4.87886e-05	1.07943e-05	1.00
7	7000	0.329746	3.19458	3.87657e-05	4.00743e-05	1.85714e-07	0.000154834	1.39143e-05	5.66114e-05	1.29371e-05	1.13
7	7000	0.330759	3.22135	3.83886e-05	3.94543e-05	1.88571e-07	0.000154626	1.38943e-05	5.63714e-05	1.30771e-05	1.13
7	7000	0.32961	3.72714	3.83229e-05	3.91571e-05	1.85714e-07	0.000154543	1.37629e-05	5.58314e-05	1.44914e-05	1.13
7	7000	0.331166	3.2481	3.88714e-05	4.00029e-05	2.05714e-07	0.00015484	1.39629e-05	5.68343e-05	1.31771e-05	1.14
7	7000	0.330653	3.5547	3.85057e-05	3.96429e-05	1.88571e-07	0.000154689	1.38857e-05	5.652e-05	1.41343e-05	1.13
7	7000	0.329265	3.35496	3.83657e-05	3.94286e-05	2e-07	0.000154551	1.37086e-05	5.55229e-05	1.33657e-05	1.12
7	7000	0.331441	3.26147	3.86886e-05	3.99029e-05	1.91429e-07	0.000154811	1.40714e-05	5.734e-05	1.32257e-05	1.13
7	7000	0.330002	3.34162	3.84771e-05	3.954e-05	1.77143e-07	0.000154671	1.386e-05	5.642e-05	1.33371e-05	1.12
7	7000	0.331511	3.12759	3.87486e-05	3.98486e-05	1.97143e-07	0.000154866	1.39771e-05	5.69657e-05	1.27914e-05	1.13
7	7000	0.332166	3.6874	3.83686e-05	3.94771e-05	1.85714e-07	0.000154657	1.37743e-05	5.60629e-05	1.44571e-05	1.14
8	8000	0.363341	4.03071	4.38857e-05	4.55143e-05	2.34286e-07	0.000159789	1.56486e-05	6.52971e-05	1.69286e-05	1.34
8	8000	0.362807	3.8346	4.41257e-05	4.55571e-05	2.62857e-07	0.000159774	1.56029e-05	6.518e-05	1.64057e-05	1.26
8	8000	0.362065	3.85771	4.41714e-05	4.572e-05	2.71429e-07	0.000159703	1.55943e-05	6.49857e-05	1.63371e-05	1.26
8	8000	0.364085	3.74203	4.43057e-05	4.60314e-05	2.51429e-07	0.000160037	1.58114e-05	6.62314e-05	1.61343e-05	1.26
8	8000	0.362875	3.89236	4.42114e-05	4.57714e-05	2.51429e-07	0.000159909	1.56343e-05	6.53743e-05	1.65714e-05	1.26
8	8000	0.361937	3.5331	4.41571e-05	4.57371e-05	2.48571e-07	0.000159794	1.57e-05	6.55e-05	1.54286e-05	1.26
8	8000	0.364979	3.67249	4.44486e-05	4.60371e-05	2.34286e-07	0.000160029	1.57314e-05	6.59171e-05	1.58857e-05	1.26
8	8000	0.363805	3.93852	4.43771e-05	4.60543e-05	2.57143e-07	0.000160009	1.56314e-05	6.54714e-05	1.66514e-05	1.26
8	8000	0.365169	4.13421	4.426e-05	4.58314e-05	2.48571e-07	0.000159917	1.56629e-05	6.55143e-05	1.73371e-05	1.26
8	8000	0.364818	4.11123	4.42371e-05	4.59257e-05	2.45714e-07	0.000159977	1.57e-05	6.56371e-05	1.72857e-05	1.26
9	9000	0.401686	4.2655	5.10514e-05	5.32571e-05	3.14286e-07	0.000165874	1.78771e-05	7.64914e-05	1.94657e-05	1.47
9	9000	0.401765	4.51941	5.07457e-05	5.284e-05	3.05714e-07	0.000165711	1.77686e-05	7.58943e-05	2.04657e-05	1.40
9	9000	0.402099	4.32657	5.07857e-05	5.29371e-05	3.05714e-07	0.000165814	1.79343e-05	7.67371e-05	1.99686e-05	1.40
9	9000	0.403335	4.66102	5.074e-05	5.28657e-05	3.2e-07	0.000165729	1.78457e-05	7.62571e-05	2.11e-05	1.40
9	9000	0.402802	4.57003	5.07886e-05	5.286e-05	3.22857e-07	0.000165734	1.78429e-05	7.62057e-05	2.06029e-05	1.41
9	9000	0.402515	4.7014	5.10029e-05	5.31114e-05	3.28571e-07	0.000165809	1.77114e-05	7.56114e-05	2.10771e-05	1.40
9	9000	0.402965	4.57003	5.08914e-05	5.30029e-05	3.14286e-07	0.000165909	1.79e-05	7.63771e-05	2.07971e-05	1.40
9	9000	0.400608	4.18397	5.08057e-05	5.28e-05	3.42857e-07	0.000165671	1.77857e-05	7.58771e-05	1.91857e-05	1.40
9	9000	0.40329	4.55992	5.09514e-05	5.31657e-05	3.28571e-07	0.000165931	1.79229e-05	7.66057e-05	2.06e-05	1.40
9	9000	0.402834	4.53967	5.07286e-05	5.28914e-05	3.11429e-07	0.000165791	1.78314e-05	7.63914e-05	2.06229e-05	1.41
10	10000	0.442487	4.82535	5.81943e-05	6.08486e-05	3.94286e-07	0.000172186	2.00429e-05	8.69857e-05	2.38257e-05	1.54
10	10000	0.443962	5.05127	5.79143e-05	6.06143e-05	3.85714e-07	0.000172166	2.02886e-05	8.82714e-05	2.46286e-05	1.55
10	10000	0.445146	5.27612	5.798e-05	6.07114e-05	4.22857e-07	0.000172034	2.02543e-05	8.792e-05	2.55657e-05	1.55
10	10000	0.444408	5.03324	5.75771e-05	6.05143e-05	4.05714e-07	0.000171894	2.03543e-05	8.85257e-05	2.46229e-05	1.54
10	10000	0.443393	4.78004	5.83171e-05	6.08829e-05	4.34286e-07	0.000172137	2.014e-05	8.75686e-05	2.35571e-05	1.54
10	10000	0.442998	4.82535	5.82686e-05	6.08343e-05	3.97143e-07	0.000172166	2.01514e-05	8.762e-05	2.37571e-05	1.55
10	10000	0.443396	5.05127	5.794e-05	6.06829e-05	3.82857e-07	0.000172054	2.01714e-05	8.75543e-05	2.45714e-05	1.55
10	10000	0.441958	4.65294	5.83143e-05	6.096e-05	4.14286e-07	0.000172226	2.00829e-05	8.72457e-05	2.30886e-05	1.55
10	10000	0.444082	4.65294	5.81114e-05	6.07914e-05	3.85714e-07	0.000172131	2.01e-05	8.72971e-05	2.31457e-05	1.55
10	10000	0.443137	4.78911	5.75657e-05	6.03829e-05	4.05714e-07	0.000171851	2.038e-05	8.85714e-05	2.35714e-05	1.54
11	11000	0.489655	5.71698	6.62657e-05	6.93543e-05	5.02857e-07	0.000179003	2.254e-05	9.93857e-05	2.99686e-05	1.69
11	11000	0.489407	5.64419	6.49e-05	6.85314e-05	4.22857e-07	0.000178571	2.28457e-05	0.000100883	2.96886e-05	1.68
11	11000	0.489305	5.68464	6.57943e-05	6.90571e-05	4.97143e-07	0.000178786	2.26571e-05	9.97829e-05	2.95971e-05	1.68
11	11000	0.490022	5.61991	6.54371e-05	6.87943e-05	4.82857e-07	0.000178657	2.27514e-05	0.000100229	2.94029e-05	1.69
11	11000	0.48926	5.7089	6.57343e-05	6.89771e-05	4.94286e-07	0.000178743	2.25657e-05	9.93686e-05	2.97314e-05	1.68
11	11000	0.488935	5.53075	6.58229e-05	6.90543e-05	4.71429e-07	0.000178789	2.26371e-05	9.96971e-05	2.89457e-05	1.69
11	11000	0.491091	5.90248	6.52143e-05	6.85343e-05	4.82857e-07	0.000178649	2.27457e-05	0.00010014	3.06e-05	1.68
11	11000	0.48861	5.42516	6.58714e-05	6.91971e-05	5.14286e-07	0.000178889	2.26143e-05	9.97686e-05	2.86629e-05	1.68
11	11000	0.48981	5.93467	6.52886e-05	6.86914e-05	4.57143e-07	0.000178654	2.27029e-05	0.0001	3.08543e-05	1.69
11	11000	0.487786	5.61991	6.57571e-05	6.91629e-05	4.8e-07	0.000178863	2.26429e-05	9.97e-05	2.92171e-05	1.68
12	12000	0.535993	6.22802	7.28486e-05	7.69486e-05	5.4e-07	0.000185329	2.53686e-05	0.000113023	3.47857e-05	1.90
12	12000	0.535603	6.09594	7.32429e-05	7.71857e-05	5.6e-07	0.000185526	2.53086e-05	0.000112674	3.43429e-05	1.84
12	12000	0.535401	6.22802	7.31943e-05	7.71457e-05	5.57143e-07	0.00018552	2.53543e-05	0.000112657	3.49571e-05	1.82
12	12000	0.536342	6.18404	7.30429e-05	7.69686e-05	5.57143e-07	0.000185386	2.53686e-05	0.000112903	3.46057e-05	1.83
12	12000	0.535792	6.32319	7.35743e-05	7.75171e-05	5.45714e-07	0.000185723	2.51371e-05	0.000111983	3.51257e-05	1.83
12	12000	0.533839	6.00031	7.36486e-05	7.74257e-05	5.88571e-07	0.000185686	2.522e-05	0.000112371	3.36829e-05	1.83
12	12000	0.534704	6.05183	7.35143e-05	7.72714e-05	5.71429e-07	0.000185471	2.52343e-05	0.00011224	3.42314e-05	1.83
12	12000	0.534078	5.88973	7.31171e-05	7.69743e-05	5.68571e-07	0.000185346	2.55429e-05	0.0001137	3.35086e-05	1.83
12	12000	0.535235	6.3305	7.32343e-05	7.72857e-05	5.71429e-07	0.000185606	2.53714e-05	0.000112963	3.51371e-05	1.83
12	12000	0.534421	6.04447	7.32657e-05	7.71686e-05	5.22857e-07	0.000185434	2.52114e-05	0.000112397	3.396e-05	1.82
