N_THREADS	N_TRANSACTIONS	TIME	N_ABORTS	PROCESS_READ_TIME	PROCESS_WRITE_TIME	PROCESS_VALIDATION_TIME	PROCESS_OTHER_TIME	COMMIT_VALIDATION_TIME	COMMIT_OTHER_TIME	WASTED_TIME
1	192	56.6222	0	0.000226137	0.000337463	0	0.0384006	6.17143e-07	0.000124089	2.50571e-06	56.87
1	192	56.6353	0	0.000225846	0.00033782	0	0.0384688	6.11429e-07	0.000124311	2.49143e-06	56.88
1	192	56.6326	0	0.000225934	0.00033774	0	0.0384544	6.22857e-07	0.00012436	2.49143e-06	56.88
2	192	33.3281	4.47761	0.000236166	0.000357146	0	0.0505864	4.34914e-05	0.000133671	0.0380594	33.58
2	192	33.3274	4.47761	0.000236109	0.000357166	0	0.0505786	4.35771e-05	0.000133666	0.0380602	33.58
2	192	33.3273	4.9505	0.000236114	0.000357311	0	0.0505756	4.35657e-05	0.000133611	0.0380597	33.57
3	192	27.6471	11.1111	0.00025452	0.000392066	0	0.131355	5.704e-05	0.000145474	0.103512	27.90
3	192	27.6433	10.6977	0.000254649	0.000392466	0	0.13131	5.69714e-05	0.000145317	0.103499	27.91
3	192	27.6462	10.6977	0.000254277	0.000391583	0	0.131331	5.69657e-05	0.000145237	0.103501	27.91
4	192	24.5814	13.5135	0.00028394	0.000447997	0	0.0930482	6.42343e-05	0.000164543	0.12933	24.88
4	192	24.5816	13.9013	0.000284631	0.00044862	0	0.0930696	6.42771e-05	0.00016502	0.129355	24.88
4	192	24.5799	13.9013	0.000284594	0.000448757	0	0.0930446	6.43314e-05	0.000164911	0.129341	24.88
5	192	23.2741	17.2414	0.000330589	0.000530466	0	0.0715882	7.78571e-05	0.000194609	0.195706	23.68
5	192	23.2751	17.2414	0.000330434	0.000529511	0	0.0715969	7.776e-05	0.000194209	0.195718	23.63
5	192	23.2685	17.2414	0.000330649	0.000530837	0	0.0715833	7.742e-05	0.000194734	0.195692	23.63
6	192	22.8527	20.9877	0.00039822	0.000649726	0	0.129051	9.116e-05	0.000236843	0.235123	23.24
6	192	22.8546	20.6612	0.000398191	0.000649874	0	0.129037	9.12114e-05	0.000236909	0.235111	23.26
6	192	22.8532	20.9877	0.000398269	0.000650217	0	0.129048	9.10886e-05	0.000237	0.235118	23.25
7	192	28.7277	28.3582	0.000466931	0.0007677	0	0.130231	0.000102757	0.000279794	0.345593	29.24
7	192	28.7271	28.3582	0.000466291	0.000766909	0	0.130245	0.00010274	0.000279389	0.345593	29.18
7	192	28.7269	28.3582	0.000467086	0.000767654	0	0.130233	0.000103023	0.000279551	0.345598	29.18
8	192	26.8848	29.4118	0.000535709	0.000888097	0	0.268881	0.000113763	0.000320843	0.211065	27.46
8	192	26.8839	29.6703	0.000535083	0.000887394	0	0.268873	0.000113734	0.000321169	0.211031	27.39
8	192	26.9184	29.6703	0.000535309	0.000887991	0	0.268207	0.000114649	0.000321009	0.215743	27.43
9	192	28.8095	33.564	0.000610109	0.00101409	0	0.330221	0.000133943	0.000366711	0.300112	29.44
9	192	28.8106	33.101	0.000610411	0.0010142	0	0.330228	0.000133869	0.000366646	0.300105	29.38
9	192	28.8112	33.101	0.00061066	0.00101506	0	0.330233	0.000133937	0.000366851	0.300103	29.37
10	192	28.9971	34.471	0.00067102	0.00111686	0	0.2711	0.000146469	0.000402766	0.270488	29.68
10	192	28.998	34.471	0.00067058	0.00111691	0	0.271094	0.000146329	0.000402789	0.270467	29.59
10	192	28.9978	34.471	0.000671126	0.00111793	0	0.271095	0.000146526	0.000402991	0.270469	29.60
11	192	29.2091	36.8421	0.000753777	0.00125952	0	0.341091	0.000160597	0.000453763	0.333742	29.93
11	192	29.2086	36.8421	0.000754011	0.00125973	0	0.341103	0.00016064	0.000453846	0.333761	29.87
11	192	29.2081	36.8421	0.000754271	0.00126001	0	0.341093	0.000160486	0.000453863	0.333732	29.87
api:W:2023-07-24|00:45:45: One or more DPUs are in fault, attach to them by running: 'dpu-lldb-attach-dpu x.x.x <program_path>'	0.80
api:W:2023-07-24|00:45:46: One or more DPUs are in fault, attach to them by running: 'dpu-lldb-attach-dpu x.x.x <program_path>'	0.70
api:W:2023-07-24|00:45:47: One or more DPUs are in fault, attach to them by running: 'dpu-lldb-attach-dpu x.x.x <program_path>'	0.70
