N_THREADS	N_TRANSACTIONS	TIME	N_ABORTS	PROCESS_READ_TIME	PROCESS_WRITE_TIME	PROCESS_VALIDATION_TIME	PROCESS_OTHER_TIME	COMMIT_VALIDATION_TIME	COMMIT_OTHER_TIME	WASTED_TIME
1	192	1.95896	0	5.56286e-05	6.64743e-05	0	0.010026	5.28571e-07	2.76714e-05	2.49429e-06	2.37
1	192	1.95899	0	5.56514e-05	6.65029e-05	0	0.0100261	5.28571e-07	2.76771e-05	2.49429e-06	2.37
1	192	1.95883	0	5.57114e-05	6.64629e-05	0	0.0100252	5.28571e-07	2.76771e-05	2.49429e-06	2.36
1	192	1.95865	0	5.57657e-05	6.64086e-05	0	0.0100243	5.31429e-07	2.76029e-05	2.5e-06	2.38
1	192	1.96041	0	5.56514e-05	6.65371e-05	0	0.0100335	5.34286e-07	2.76029e-05	2.48571e-06	2.36
1	192	1.9573	0	5.58714e-05	6.626e-05	0	0.0100174	5.34286e-07	2.75486e-05	2.50857e-06	2.37
1	192	1.95885	0	5.57e-05	6.64629e-05	0	0.0100254	5.31429e-07	2.76686e-05	2.5e-06	2.38
1	192	1.95878	0	5.56714e-05	6.652e-05	0	0.010025	5.31429e-07	2.76629e-05	2.48857e-06	2.36
1	192	1.95869	0	5.57e-05	6.64657e-05	0	0.0100245	5.31429e-07	2.76514e-05	2.50286e-06	2.37
1	192	1.95867	0	5.56629e-05	6.64971e-05	0	0.0100244	5.31429e-07	2.76686e-05	2.50571e-06	2.37
2	192	1.34776	5.41872	5.85629e-05	7.07571e-05	0	0.0113745	8.25714e-06	2.97857e-05	0.00244764	1.76
2	192	1.34779	5.88235	5.85171e-05	7.06886e-05	0	0.0113755	8.22857e-06	2.97857e-05	0.00244694	1.77
2	192	1.34787	5.88235	5.85286e-05	7.074e-05	0	0.0113756	8.27429e-06	2.976e-05	0.00244709	1.77
2	192	1.3477	5.41872	5.86171e-05	7.07543e-05	0	0.0113748	8.26571e-06	2.97943e-05	0.00244719	1.77
2	192	1.34769	5.41872	5.85943e-05	7.08143e-05	0	0.0113748	8.25143e-06	2.97886e-05	0.00244664	1.77
2	192	1.34791	5.88235	5.86286e-05	7.07371e-05	0	0.0113765	8.21429e-06	2.978e-05	0.00244698	1.77
2	192	1.34785	5.41872	5.85057e-05	7.07086e-05	0	0.0113764	8.26286e-06	2.97257e-05	0.00244691	1.77
2	192	1.34784	5.88235	5.85543e-05	7.07114e-05	0	0.0113761	8.27429e-06	2.98086e-05	0.002447	1.76
2	192	1.34771	5.41872	5.86057e-05	7.076e-05	0	0.0113746	8.25714e-06	2.97771e-05	0.00244685	1.77
2	192	1.34789	5.88235	5.85571e-05	7.08029e-05	0	0.0113754	8.24857e-06	2.97714e-05	0.00244708	1.77
3	192	1.09947	11.1111	5.88514e-05	7.05829e-05	0	0.0116157	9.80571e-06	2.98971e-05	0.00531208	1.59
3	192	1.09938	11.1111	5.88257e-05	7.04457e-05	0	0.011617	9.77143e-06	2.99514e-05	0.00531184	1.53
3	192	1.09944	11.1111	5.89286e-05	7.05543e-05	0	0.0116157	9.73714e-06	2.98743e-05	0.00531248	1.52
3	192	1.09903	11.1111	5.888e-05	7.05486e-05	0	0.0116141	9.74286e-06	2.98514e-05	0.00531086	1.52
3	192	1.09952	11.1111	5.89771e-05	7.06114e-05	0	0.0116149	9.74286e-06	2.98829e-05	0.00531242	1.53
3	192	1.09917	10.6977	5.88486e-05	7.04571e-05	0	0.011616	9.76e-06	2.99086e-05	0.00531066	1.53
3	192	1.09943	11.1111	5.88543e-05	7.05686e-05	0	0.011615	9.76571e-06	2.98486e-05	0.00531305	1.52
3	192	1.09923	11.1111	5.88971e-05	7.05914e-05	0	0.0116154	9.76571e-06	2.99229e-05	0.00531131	1.52
3	192	1.09922	11.1111	5.89686e-05	7.05857e-05	0	0.0116147	9.76286e-06	2.99171e-05	0.00531107	1.53
3	192	1.09906	11.1111	5.89543e-05	7.05257e-05	0	0.0116144	9.78e-06	2.99057e-05	0.00531083	1.52
4	192	1.04691	16.8831	6.77314e-05	8.34286e-05	0	0.0130838	1.16086e-05	3.48629e-05	0.00841401	1.63
4	192	1.04681	15.7895	6.75371e-05	8.34314e-05	0	0.0130835	1.166e-05	3.48257e-05	0.00841354	1.55
4	192	1.04667	15.7895	6.75457e-05	8.326e-05	0	0.013084	1.16229e-05	3.48857e-05	0.00841213	1.56
4	192	1.04689	16.1572	6.756e-05	8.32686e-05	0	0.0130844	1.16286e-05	3.47686e-05	0.00841645	1.55
4	192	1.04691	16.1572	6.77543e-05	8.33086e-05	0	0.0130849	1.16543e-05	3.48714e-05	0.00841307	1.56
4	192	1.04677	15.7895	6.75314e-05	8.31343e-05	0	0.0130856	1.16457e-05	3.484e-05	0.0084126	1.55
4	192	1.04695	16.5217	6.764e-05	8.34657e-05	0	0.0130837	1.16057e-05	3.47143e-05	0.00841433	1.55
4	192	1.0469	15.7895	6.75914e-05	8.35e-05	0	0.013084	1.16257e-05	3.47314e-05	0.00841478	1.55
4	192	1.04692	15.7895	6.76771e-05	8.32714e-05	0	0.013085	1.166e-05	3.48971e-05	0.00841249	1.56
4	192	1.0468	15.7895	6.76686e-05	8.32143e-05	0	0.0130852	1.16571e-05	3.48771e-05	0.00841299	1.56
5	192	0.994538	21.3115	8.09914e-05	0.000102251	0	0.0150888	1.34686e-05	4.27057e-05	0.0104062	1.68
5	192	0.994468	20.332	8.11114e-05	0.000102606	0	0.0150926	1.33229e-05	4.27914e-05	0.0104016	1.60
5	192	0.994529	20	8.13e-05	0.00010242	0	0.0150889	1.33629e-05	4.27343e-05	0.0104049	1.60
5	192	0.99533	19.3277	8.22657e-05	0.00010424	0	0.014908	1.40257e-05	4.33114e-05	0.0105921	1.60
5	192	0.994661	19.3277	8.22829e-05	0.000104726	0	0.0148817	1.39457e-05	4.34971e-05	0.0105922	1.60
5	192	0.994488	19.6653	8.11714e-05	0.000102437	0	0.0150907	1.34429e-05	4.27371e-05	0.0104028	1.60
5	192	0.994428	20	8.11686e-05	0.000102431	0	0.0150892	1.34086e-05	4.26914e-05	0.010404	1.59
5	192	0.994316	20	8.112e-05	0.000102569	0	0.0150932	1.344e-05	4.26714e-05	0.0104017	1.59
5	192	0.994417	19.6653	8.10543e-05	0.00010248	0	0.0150902	1.33657e-05	4.26943e-05	0.0104025	1.60
5	192	0.994392	20	8.12e-05	0.000102194	0	0.0150912	1.33829e-05	4.266e-05	0.0104018	1.60
6	192	1.23578	29.4118	9.95086e-05	0.000128917	0	0.0172741	1.53857e-05	5.27e-05	0.0206866	2.01
6	192	1.23654	29.1513	9.93714e-05	0.000128663	0	0.0172758	1.55457e-05	5.27429e-05	0.0207044	1.94
6	192	1.23657	29.927	9.94343e-05	0.000128963	0	0.0172747	1.54114e-05	5.26886e-05	0.0207105	1.93
6	192	1.23578	29.6703	9.96886e-05	0.000128863	0	0.0172744	1.55114e-05	5.27086e-05	0.0206817	1.94
6	192	1.24766	28.8889	9.78971e-05	0.000125946	0	0.0175168	1.50229e-05	5.17543e-05	0.0206958	1.95
6	192	1.2356	29.1513	9.96571e-05	0.000129106	0	0.0172716	1.53743e-05	5.26514e-05	0.020685	1.94
6	192	1.23562	29.6703	9.98229e-05	0.000128771	0	0.0172728	1.55714e-05	5.272e-05	0.0206811	1.94
6	192	1.23574	29.1513	9.96571e-05	0.000128906	0	0.017274	1.53657e-05	5.26914e-05	0.0206833	1.94
6	192	1.23604	29.6703	9.96914e-05	0.000129077	0	0.0172741	1.53829e-05	5.28029e-05	0.0206881	1.95
6	192	1.2358	29.6703	9.96e-05	0.000129114	0	0.0172737	1.536e-05	5.26714e-05	0.0206858	1.93
7	192	1.17757	29.1513	0.000115031	0.000148903	0	0.0204808	1.90686e-05	6.06171e-05	0.0217515	1.98
7	192	1.17752	28.6245	0.00011482	0.000148643	0	0.0204821	1.90771e-05	6.058e-05	0.0217512	1.98
7	192	1.1753	28.6245	0.000115109	0.000148746	0	0.0204474	1.89914e-05	6.05e-05	0.021753	1.97
7	192	1.17763	29.4118	0.000115031	0.000148846	0	0.0204813	1.89657e-05	6.056e-05	0.0217521	1.98
7	192	1.17755	29.1513	0.000114929	0.00014878	0	0.0204803	1.91029e-05	6.06629e-05	0.0217527	1.98
7	192	1.17757	29.1513	0.000114869	0.00014882	0	0.020479	1.892e-05	6.06571e-05	0.0217528	1.98
7	192	1.17747	29.4118	0.000115157	0.000148594	0	0.0204758	1.90486e-05	6.07286e-05	0.0217531	1.98
7	192	1.17751	28.6245	0.000115003	0.00014862	0	0.02048	1.90857e-05	6.06771e-05	0.0217511	1.98
7	192	1.17751	28.8889	0.000115023	0.000148766	0	0.0204806	1.91686e-05	6.05429e-05	0.0217516	1.98
7	192	1.17527	28.8889	0.000115111	0.000148966	0	0.0204482	1.90229e-05	6.06057e-05	0.0217525	1.98
8	192	1.32134	32.1555	0.000132251	0.000171169	0	0.0234809	2.14857e-05	6.98257e-05	0.0296479	2.23
8	192	1.32255	32.1555	0.000132163	0.000171274	0	0.0234953	2.14114e-05	6.95914e-05	0.0296572	2.22
8	192	1.32135	32.1555	0.000132311	0.000171174	0	0.0234805	2.138e-05	6.95629e-05	0.0296452	2.22
8	192	1.32139	32.3944	0.000132386	0.000171206	0	0.0234804	2.13286e-05	6.97657e-05	0.0296459	2.22
8	192	1.32134	32.3944	0.000132106	0.000171091	0	0.0234802	2.13114e-05	6.98714e-05	0.029647	2.22
8	192	1.32157	31.9149	0.000132306	0.000171171	0	0.023481	2.146e-05	6.96771e-05	0.0296513	2.23
8	192	1.32133	31.9149	0.000132229	0.000171243	0	0.0234805	2.15114e-05	6.968e-05	0.029645	2.22
8	192	1.32153	31.9149	0.000132154	0.000171111	0	0.0234817	2.13257e-05	6.97057e-05	0.0296457	2.22
8	192	1.32133	31.9149	0.000132089	0.000171171	0	0.023481	2.13171e-05	6.96857e-05	0.0296441	2.22
8	192	1.32141	32.1555	0.000132397	0.000171057	0	0.0234793	2.12943e-05	6.96971e-05	0.0296435	2.23
9	192	1.28117	34.0206	0.000153314	0.000200191	0	0.0271813	2.49943e-05	8.10886e-05	0.0313831	2.36
9	192	1.28118	34.471	0.000153443	0.000200143	0	0.0271801	2.49286e-05	8.11086e-05	0.0313802	2.29
9	192	1.2812	33.564	0.000153263	0.000200311	0	0.0271828	2.50857e-05	8.11286e-05	0.0313824	2.28
9	192	1.28127	33.7931	0.000153131	0.000200214	0	0.0271815	2.494e-05	8.112e-05	0.0313828	2.29
9	192	1.28122	33.7931	0.000153311	0.00020018	0	0.027181	2.50286e-05	8.11457e-05	0.0313818	2.27
9	192	1.28127	33.7931	0.00015326	0.00020032	0	0.027181	2.51229e-05	8.10457e-05	0.0313825	2.28
9	192	1.28127	33.7931	0.000153111	0.000200526	0	0.0271813	2.49971e-05	8.11e-05	0.0313837	2.28
9	192	1.28113	33.3333	0.000153223	0.000200303	0	0.0271777	2.51143e-05	8.11571e-05	0.0313824	2.27
9	192	1.28121	33.3333	0.000153194	0.000200023	0	0.027184	2.49543e-05	8.10429e-05	0.0313788	2.29
9	192	1.28126	33.7931	0.000153203	0.000200391	0	0.0271794	2.50486e-05	8.11143e-05	0.031384	2.29
10	192	1.37492	38.8535	0.000170129	0.000221534	0	0.0293908	2.77086e-05	9.00714e-05	0.0406141	2.56
10	192	1.375	39.2405	0.000170011	0.000221534	0	0.029395	2.77371e-05	9.012e-05	0.0406116	2.46
10	192	1.37488	39.0476	0.000170011	0.000221291	0	0.02939	2.76829e-05	9.00029e-05	0.0406133	2.47
10	192	1.37484	39.0476	0.000170063	0.000221311	0	0.0293904	2.76086e-05	9.014e-05	0.0406102	2.47
10	192	1.37489	39.0476	0.000169991	0.000221351	0	0.0293889	2.82571e-05	9.00629e-05	0.0406165	2.47
10	192	1.37488	39.0476	0.000169994	0.00022152	0	0.0293907	2.78457e-05	8.98829e-05	0.0406127	2.47
10	192	1.37494	39.0476	0.000169877	0.000221643	0	0.0293942	2.76657e-05	9.002e-05	0.040613	2.46
10	192	1.37487	39.0476	0.000170017	0.000221191	0	0.0293899	2.77114e-05	9.01e-05	0.0406126	2.46
10	192	1.37495	39.4322	0.000170043	0.00022138	0	0.0293899	2.79629e-05	8.99886e-05	0.0406135	2.47
10	192	1.375	39.2405	0.000169969	0.000221477	0	0.0293905	2.76657e-05	8.99457e-05	0.0406136	2.47
11	192	1.55291	43.8596	0.000200857	0.000267834	0	0.0308944	3.19543e-05	0.000107337	0.0552606	2.74
11	192	1.55228	43.8596	0.000200931	0.000267809	0	0.0308982	3.18829e-05	0.000107591	0.0552628	2.75
11	192	1.54453	43.3628	0.000200886	0.000267634	0	0.0310418	3.18914e-05	0.000107383	0.0547921	2.74
11	192	1.553	43.8596	0.000201051	0.000267854	0	0.0308953	3.18543e-05	0.000107397	0.0552621	2.76
11	192	1.5567	44.9857	0.00020164	0.000269597	0	0.0301559	3.23743e-05	0.00010806	0.0569023	2.75
11	192	1.55221	43.8596	0.000200849	0.000268034	0	0.030896	3.19657e-05	0.000107586	0.0552611	2.76
11	192	1.55207	43.8596	0.000200666	0.000267529	0	0.0308928	3.19171e-05	0.00010732	0.0552546	2.75
11	192	1.55209	43.8596	0.000200966	0.000267666	0	0.0308894	3.18914e-05	0.000107277	0.0552549	2.75
11	192	1.55663	44.9857	0.000201611	0.000269934	0	0.0301541	3.22257e-05	0.0001082	0.0569002	2.75
11	192	1.55226	43.8596	0.000200977	0.000267626	0	0.0308996	3.212e-05	0.0001076	0.0552642	2.76
12	192	1.57552	45.7627	0.000206591	0.000269777	0	0.0320127	3.30486e-05	0.000109326	0.0637484	2.94
12	192	1.59761	45.6091	0.00021138	0.000278383	0	0.0332583	3.26114e-05	0.000112011	0.0645334	2.89
12	192	1.57605	45.7627	0.000206669	0.000269603	0	0.0320121	3.31114e-05	0.000109149	0.0637563	2.88
12	192	1.59753	45.4545	0.000211283	0.000278549	0	0.0332603	3.25829e-05	0.000112046	0.0645318	2.90
12	192	1.59755	45.7627	0.000211354	0.000278394	0	0.0332603	3.25286e-05	0.000112306	0.064533	2.90
12	192	1.57542	45.7627	0.000206411	0.000269769	0	0.0320139	3.304e-05	0.000109163	0.0637434	2.87
12	192	1.57554	45.6091	0.000206709	0.000270029	0	0.0320118	3.31029e-05	0.000109194	0.0637489	2.88
12	192	1.5756	45.7627	0.0002067	0.000269674	0	0.0320144	3.30543e-05	0.0001092	0.0637495	2.88
12	192	1.57563	45.9155	0.000206697	0.000269834	0	0.0320152	3.30486e-05	0.000109329	0.0637498	2.87
12	192	1.57546	45.6091	0.000206577	0.000269849	0	0.0320114	3.30857e-05	0.00010918	0.0637441	2.88
